/* http://srecord.sourceforge.net/ */
@00000000 83 83 83 83 83 83 83 83 83 83 83 83 83 83 83 83
@00000010 83 83 83 83 83 83 83 83 83 83 83 83 83 83 83 83
@00000020 83 83 83 83 83 83 83 83 83 83 83 83 83 83 83 83
@00000030 83 83 83 83 83 83 83 83 83 83 83 83 83 83 83 83
@00000040 83 00 00 00 00 00 00 00 00 00 00 00 00 00 00 00
@00000050 00 00 00 00 00 00 00 00 00 00 00 00 00 00 00 83
@00000060 83 00 00 00 00 00 00 00 00 00 00 00 00 00 00 00
@00000070 00 00 00 00 00 00 00 00 00 00 00 00 00 00 00 83
@00000080 83 00 00 00 00 00 00 00 00 00 00 00 00 00 00 00
@00000090 00 00 00 00 00 00 00 00 00 00 00 00 00 00 00 83
@000000A0 83 00 00 00 00 2B 4F 0D 46 49 00 00 34 2F 30 00
@000000B0 00 33 35 30 30 2F 32 34 25 32 33 00 00 00 00 83
@000000C0 83 00 00 00 00 00 00 00 00 00 00 00 00 00 00 00
@000000D0 00 00 00 00 00 00 00 00 00 00 00 00 00 00 00 83
@000000E0 83 00 00 00 00 00 B4 B5 00 00 00 00 00 00 00 00
@000000F0 00 00 00 00 00 00 00 00 00 00 00 00 00 00 00 83
@00000100 83 00 00 00 00 00 B8 B9 00 00 11 0E 00 2C 4F 56
@00000110 45 30 41 53 54 52 41 4D 49 00 00 00 00 00 00 83
@00000120 83 00 00 00 00 00 B4 B5 00 00 00 00 00 00 00 00
@00000130 00 00 00 00 00 00 00 00 00 00 00 00 00 00 00 83
@00000140 83 00 00 00 00 00 B8 B9 00 00 12 0E 00 24 45 4E
@00000150 59 4D 45 54 41 4E 4F 4C 00 00 00 00 00 00 00 83
@00000160 83 00 00 00 00 00 B4 B5 00 00 00 00 00 00 00 00
@00000170 00 00 00 00 00 00 00 00 00 00 00 00 00 00 00 83
@00000180 83 00 00 00 00 00 B8 B9 00 00 13 0E 00 26 55 4E
@00000190 4B 59 43 4F 43 48 49 53 45 00 00 00 00 00 00 83
@000001A0 83 00 00 00 00 00 B4 B5 00 00 00 00 00 00 00 00
@000001B0 00 00 00 00 00 00 00 00 00 00 00 00 00 00 00 83
@000001C0 83 00 00 00 00 00 B8 B9 00 00 14 0E 00 23 41 50
@000001D0 54 41 49 4E 00 3A 41 50 00 00 00 00 00 00 00 83
@000001E0 83 00 00 00 00 00 B4 B5 00 00 00 00 00 00 00 00
@000001F0 00 00 00 00 00 00 00 00 00 00 00 00 00 00 00 83
@00000200 83 00 00 00 00 00 B8 B9 00 00 15 0E 00 2A 55 41
@00000210 4E 00 32 21 00 00 00 00 00 00 00 00 00 00 00 83
@00000220 83 00 00 00 00 00 B4 B5 00 00 00 00 00 00 00 00
@00000230 00 00 00 00 00 00 00 00 00 00 00 00 00 00 00 83
@00000240 83 00 00 00 00 00 B8 B9 00 00 16 0E 00 33 43 48
@00000250 45 52 4D 4F 42 49 41 4E 43 4F 00 00 00 00 00 83
@00000260 83 00 00 00 00 00 B4 B5 00 00 00 00 00 00 00 00
@00000270 00 00 00 00 00 00 00 00 00 00 00 00 00 00 00 83
@00000280 83 00 00 00 00 00 B8 B9 00 00 17 0E 00 2E 49 43
@00000290 4B 31 55 41 4E 54 45 00 00 00 00 00 00 00 00 83
@000002A0 83 00 00 00 00 00 B4 B5 00 00 00 00 00 00 00 00
@000002B0 00 00 00 00 00 00 00 00 00 00 00 00 00 00 00 83
@000002C0 83 00 00 00 00 00 B8 B9 00 00 18 0E 00 24 41 56
@000002D0 49 44 00 33 47 00 00 00 00 00 00 00 00 00 00 83
@000002E0 83 00 00 00 00 00 B4 B5 00 00 00 00 00 00 00 00
@000002F0 00 00 00 00 00 00 00 00 00 00 00 00 00 00 00 83
@00000300 83 00 00 00 00 00 B8 B9 00 00 19 0E 00 30 41 4F
@00000310 4C 4F 00 30 49 53 41 54 49 00 00 00 00 00 00 83
@00000320 83 00 00 00 00 00 B4 B5 00 00 00 00 00 00 00 00
@00000330 00 00 00 00 00 00 00 00 00 00 00 00 00 00 00 83
@00000340 83 00 00 00 00 00 B8 B9 00 11 10 0E 00 30 45 4C
@00000350 41 59 4F 00 2D 41 52 49 4E 41 53 00 00 00 00 83
@00000360 83 00 00 00 00 00 00 00 00 00 00 00 00 00 00 00
@00000370 00 00 00 00 00 00 00 00 00 00 00 00 00 00 00 83
@00000380 83 00 00 00 00 00 00 00 00 00 00 00 00 00 00 00
@00000390 00 00 00 00 00 00 00 00 00 00 00 00 00 00 00 83
@000003A0 83 00 00 00 00 00 00 00 00 00 00 00 00 00 00 00
@000003B0 00 00 00 00 00 00 00 00 00 00 00 00 00 00 00 83
@000003C0 83 83 83 83 83 83 83 83 83 83 83 83 83 83 83 83
@000003D0 83 83 83 83 83 83 83 83 83 83 83 83 83 83 83 83
@000003E0 83 83 83 83 83 83 83 83 83 83 83 83 83 83 83 83
@000003F0 83 83 83 83 83 83 83 83 83 83 83 83 83 83 83 83
@00000400 00 00 00 00 00 00 00 00 00 00 00 00 00 00 00 00
@00000410 00 00 00 00 00 00 00 00 00 00 00 00 00 00 00 00
@00000420 00 00 00 00 00 00 00 00 00 00 00 00 00 00 00 00
@00000430 00 00 00 00 00 00 00 00 00 00 00 00 00 00 00 00
@00000440 00 00 00 00 00 00 00 00 00 00 00 00 00 00 00 00
@00000450 00 00 00 00 00 00 00 00 00 00 00 00 00 00 00 00
@00000460 00 00 00 00 00 00 00 00 00 00 00 00 00 00 00 00
@00000470 00 00 00 00 00 00 00 00 00 00 00 00 00 00 00 00
@00000480 00 00 00 00 00 00 00 00 00 00 00 00 00 00 00 00
@00000490 00 00 00 00 00 00 00 00 00 00 00 00 00 00 00 00
@000004A0 00 00 00 00 00 40 40 40 40 40 00 00 40 40 40 00
@000004B0 00 40 40 40 40 40 40 40 40 40 40 00 00 00 00 00
@000004C0 00 00 00 00 00 00 00 00 00 00 00 00 00 00 00 00
@000004D0 00 00 00 00 00 00 00 00 00 00 00 00 00 00 00 00
@000004E0 00 00 00 00 00 00 80 80 00 00 00 00 00 00 00 00
@000004F0 00 00 00 00 00 00 00 00 00 00 00 00 00 00 00 00
@00000500 00 00 00 00 00 00 80 80 00 00 20 20 00 20 20 20
@00000510 20 20 20 20 20 20 20 20 20 00 00 00 00 00 00 00
@00000520 00 00 00 00 00 00 80 80 00 00 00 00 00 00 00 00
@00000530 00 00 00 00 00 00 00 00 00 00 00 00 00 00 00 00
@00000540 00 00 00 00 00 00 80 80 00 00 20 20 00 20 20 20
@00000550 20 20 20 20 20 20 20 20 00 00 00 00 00 00 00 00
@00000560 00 00 00 00 00 00 80 80 00 00 00 00 00 00 00 00
@00000570 00 00 00 00 00 00 00 00 00 00 00 00 00 00 00 00
@00000580 00 00 00 00 00 00 80 80 00 00 20 20 00 20 20 20
@00000590 20 20 20 20 20 20 20 20 20 00 00 00 00 00 00 00
@000005A0 00 00 00 00 00 00 80 80 00 00 00 00 00 00 00 00
@000005B0 00 00 00 00 00 00 00 00 00 00 00 00 00 00 00 00
@000005C0 00 00 00 00 00 00 80 80 00 00 20 20 00 20 20 20
@000005D0 20 20 20 20 00 20 20 20 00 00 00 00 00 00 00 00
@000005E0 00 00 00 00 00 00 80 80 00 00 00 00 00 00 00 00
@000005F0 00 00 00 00 00 00 00 00 00 00 00 00 00 00 00 00
@00000600 00 00 00 00 00 00 80 80 00 00 20 20 00 20 20 20
@00000610 20 00 20 20 00 00 00 00 00 00 00 00 00 00 00 00
@00000620 00 00 00 00 00 00 80 80 00 00 00 00 00 00 00 00
@00000630 00 00 00 00 00 00 00 00 00 00 00 00 00 00 00 00
@00000640 00 00 00 00 00 00 80 80 00 00 20 20 00 20 20 20
@00000650 20 20 20 20 20 20 20 20 20 20 00 00 00 00 00 00
@00000660 00 00 00 00 00 00 80 80 00 00 00 00 00 00 00 00
@00000670 00 00 00 00 00 00 00 00 00 00 00 00 00 00 00 00
@00000680 00 00 00 00 00 00 80 80 00 00 20 20 00 20 20 20
@00000690 20 20 20 20 20 20 20 00 00 00 00 00 00 00 00 00
@000006A0 00 00 00 00 00 00 80 80 00 00 00 00 00 00 00 00
@000006B0 00 00 00 00 00 00 00 00 00 00 00 00 00 00 00 00
@000006C0 00 00 00 00 00 00 80 80 00 00 20 20 00 20 20 20
@000006D0 20 20 00 20 20 00 00 00 00 00 00 00 00 00 00 00
@000006E0 00 00 00 00 00 00 80 80 00 00 00 00 00 00 00 00
@000006F0 00 00 00 00 00 00 00 00 00 00 00 00 00 00 00 00
@00000700 00 00 00 00 00 00 80 80 00 00 20 20 00 20 20 20
@00000710 20 20 00 20 20 20 20 20 20 00 00 00 00 00 00 00
@00000720 00 00 00 00 00 00 80 80 00 00 00 00 00 00 00 00
@00000730 00 00 00 00 00 00 00 00 00 00 00 00 00 00 00 00
@00000740 00 00 00 00 00 00 80 80 00 20 20 20 00 20 20 20
@00000750 20 20 20 00 20 20 20 20 20 20 20 00 00 00 00 00
@00000760 00 00 00 00 00 00 00 00 00 00 00 00 00 00 00 00
@00000770 00 00 00 00 00 00 00 00 00 00 00 00 00 00 00 00
@00000780 00 00 00 00 00 00 00 00 00 00 00 00 00 00 00 00
@00000790 00 00 00 00 00 00 00 00 00 00 00 00 00 00 00 00
@000007A0 00 00 00 00 00 00 00 00 00 00 00 00 00 00 00 00
@000007B0 00 00 00 00 00 00 00 00 00 00 00 00 00 00 00 00
@000007C0 00 00 00 00 00 00 00 00 00 00 00 00 00 00 00 00
@000007D0 00 00 00 00 00 00 00 00 00 00 00 00 00 00 00 00
@000007E0 00 00 00 00 00 00 00 00 00 00 00 00 00 00 00 00
@000007F0 00 00 00 00 00 00 00 00 00 00 00 00 00 00 00 00
