/* http://srecord.sourceforge.net/ */
@00000000 83 00 00 00 00 00 00 00 00 00 00 00 00 00 00 00
@00000010 00 00 00 00 00 00 00 00 00 00 00 00 00 00 00 83
@00000020 83 83 83 83 83 83 83 83 83 83 83 83 83 83 83 83
@00000030 83 83 83 83 83 83 83 83 83 83 83 83 83 83 83 83
@00000040 83 11 30 00 00 00 00 00 00 10 10 00 00 24 21 2D
@00000050 21 27 25 00 00 28 29 00 00 00 15 10 10 10 10 83
@00000060 83 00 00 00 00 00 00 00 00 00 00 00 00 00 27 21
@00000070 27 25 00 00 00 00 00 00 00 00 00 00 00 00 00 83
@00000080 83 00 34 29 2D 25 00 10 1A 15 12 BA BB BB BB BB
@00000090 BB BB BB BB BE 00 00 00 00 00 00 00 00 00 00 83
@000000A0 83 00 00 00 00 00 00 00 00 00 00 00 00 00 00 00
@000000B0 00 00 00 00 00 00 00 00 00 00 00 00 00 00 00 83
@000000C0 83 00 00 00 00 00 00 00 00 00 00 00 00 00 00 00
@000000D0 00 00 00 00 00 00 00 00 00 00 00 00 00 00 00 83
@000000E0 83 00 00 00 00 00 00 00 00 00 00 00 00 00 00 00
@000000F0 00 00 00 00 00 00 00 00 00 00 00 00 00 00 00 83
@00000100 83 00 00 00 00 00 00 00 00 00 00 00 00 00 00 00
@00000110 00 00 00 00 00 00 00 00 00 00 00 00 00 00 00 83
@00000120 83 00 00 00 00 00 00 00 00 00 00 00 00 00 00 00
@00000130 00 00 00 00 00 00 00 00 00 00 00 00 00 00 00 83
@00000140 83 00 00 00 00 00 00 00 00 00 00 00 00 00 00 00
@00000150 00 00 00 00 00 00 00 00 00 00 00 00 00 00 00 83
@00000160 83 00 00 00 00 00 00 00 00 00 00 00 00 00 00 00
@00000170 00 00 00 00 00 00 00 00 00 00 00 00 00 00 00 83
@00000180 83 00 00 00 00 00 00 00 00 00 00 00 00 00 00 00
@00000190 00 00 00 00 00 00 00 00 00 00 00 00 00 00 00 83
@000001A0 83 00 00 00 00 00 00 00 00 00 00 00 00 00 00 00
@000001B0 00 00 00 00 00 00 00 00 00 00 00 00 00 00 00 83
@000001C0 83 00 00 00 00 00 00 00 00 00 00 00 00 00 00 00
@000001D0 00 00 00 00 00 00 00 00 00 00 00 00 00 00 00 83
@000001E0 83 00 00 00 00 00 00 00 00 00 00 00 00 00 00 00
@000001F0 00 00 00 00 00 00 00 00 00 00 00 00 00 00 00 83
@00000200 83 00 00 00 00 00 00 00 00 00 00 00 00 00 00 00
@00000210 00 00 00 00 00 00 00 00 00 00 00 00 00 00 00 83
@00000220 83 00 00 00 00 00 00 00 00 00 00 00 00 00 00 00
@00000230 00 00 00 00 00 00 00 00 00 00 00 00 00 00 00 83
@00000240 83 00 00 00 00 00 00 00 00 00 00 00 00 00 00 00
@00000250 00 00 00 00 00 00 00 00 00 00 00 00 00 00 00 83
@00000260 83 00 00 00 00 00 00 00 00 00 00 00 00 00 00 00
@00000270 00 00 00 00 00 00 00 00 00 00 00 00 00 00 00 83
@00000280 83 00 00 00 00 00 00 00 00 00 00 00 00 00 00 00
@00000290 00 00 00 00 00 00 00 00 00 00 00 00 00 00 00 83
@000002A0 83 00 00 00 00 00 00 00 00 00 00 00 00 00 00 00
@000002B0 00 00 00 00 00 00 00 00 00 00 00 00 00 00 00 83
@000002C0 83 00 00 00 00 00 00 00 00 00 00 00 00 00 00 00
@000002D0 00 00 00 00 00 00 00 00 00 00 00 00 00 00 00 83
@000002E0 83 00 00 00 00 00 00 00 00 00 00 00 00 00 00 00
@000002F0 00 00 00 00 00 00 00 00 00 00 00 00 00 00 00 83
@00000300 83 00 00 00 00 00 00 00 00 00 00 00 00 00 00 00
@00000310 00 00 00 00 00 00 00 00 00 00 00 00 00 00 00 83
@00000320 83 00 00 00 00 00 00 00 00 00 00 00 00 00 00 00
@00000330 00 00 00 00 00 00 00 00 00 00 00 00 00 00 00 83
@00000340 83 00 00 00 00 00 00 00 00 00 00 00 00 00 00 00
@00000350 00 00 00 00 00 00 00 00 00 00 00 00 00 00 00 83
@00000360 83 00 00 00 00 00 00 00 00 00 00 00 00 00 00 00
@00000370 00 00 00 00 00 00 00 00 00 00 00 00 00 00 00 83
@00000380 83 B4 B5 B4 B5 00 00 00 00 00 00 00 00 00 00 00
@00000390 00 00 00 00 00 00 00 00 00 00 00 00 00 00 00 83
@000003A0 83 B8 B9 B8 B9 00 00 00 00 00 00 00 00 00 00 00
@000003B0 00 00 00 00 00 00 00 00 00 00 00 00 00 00 00 83
@000003C0 83 83 83 83 83 83 83 83 83 83 83 83 83 83 83 83
@000003D0 83 83 83 83 83 83 83 83 83 83 83 83 83 83 83 83
@000003E0 83 00 00 00 00 00 00 00 00 00 00 00 00 00 00 00
@000003F0 00 00 00 00 00 00 00 00 00 00 00 00 00 00 00 83
@00000400 00 00 00 00 00 00 00 00 00 00 00 00 00 00 00 00
@00000410 00 00 00 00 00 00 00 00 00 00 00 00 00 00 00 00
@00000420 00 00 00 00 00 00 00 00 00 00 00 00 00 00 00 00
@00000430 00 00 00 00 00 00 00 00 00 00 00 00 00 00 00 00
@00000440 00 40 40 00 20 20 20 20 20 20 20 00 00 60 60 60
@00000450 60 60 60 00 00 40 40 00 20 20 20 20 20 20 20 00
@00000460 00 00 00 00 00 00 00 00 00 00 00 00 00 00 60 60
@00000470 60 60 00 00 00 00 00 00 00 00 00 00 00 00 00 00
@00000480 00 00 40 40 40 40 20 20 20 20 20 00 20 20 20 20
@00000490 20 20 20 20 20 00 00 00 00 00 00 00 00 00 00 00
@000004A0 00 00 00 00 00 00 00 00 00 00 00 00 00 00 00 00
@000004B0 00 00 00 00 00 00 00 00 00 00 00 00 00 00 00 00
@000004C0 00 00 00 00 00 00 00 00 00 00 00 00 00 00 00 00
@000004D0 00 00 00 00 00 00 00 00 00 00 00 00 00 00 00 00
@000004E0 00 00 00 00 00 00 00 00 00 00 00 00 00 00 00 00
@000004F0 00 00 00 00 00 00 00 00 00 00 00 00 00 00 00 00
@00000500 00 00 00 00 00 00 00 00 00 00 00 00 00 00 00 00
@00000510 00 00 00 00 00 00 00 00 00 00 00 00 00 00 00 00
@00000520 00 00 00 00 00 00 00 00 00 00 00 00 00 00 00 00
@00000530 00 00 00 00 00 00 00 00 00 00 00 00 00 00 00 00
@00000540 00 00 00 00 00 00 00 00 00 00 00 00 00 00 00 00
@00000550 00 00 00 00 00 00 00 00 00 00 00 00 00 00 00 00
@00000560 00 00 00 00 00 00 00 00 00 00 00 00 00 00 00 00
@00000570 00 00 00 00 00 00 00 00 00 00 00 00 00 00 00 00
@00000580 00 00 00 00 00 00 00 00 00 00 00 00 00 00 00 00
@00000590 00 00 00 00 00 00 00 00 00 00 00 00 00 00 00 00
@000005A0 00 00 00 00 00 00 00 00 00 00 00 00 00 00 00 00
@000005B0 00 00 00 00 00 00 00 00 00 00 00 00 00 00 00 00
@000005C0 00 00 00 00 00 00 00 00 00 00 00 00 00 00 00 00
@000005D0 00 00 00 00 00 00 00 00 00 00 00 00 00 00 00 00
@000005E0 00 00 00 00 00 00 00 00 00 00 00 00 00 00 00 00
@000005F0 00 00 00 00 00 00 00 00 00 00 00 00 00 00 00 00
@00000600 00 00 00 00 00 00 00 00 00 00 00 00 60 60 60 60
@00000610 60 60 60 60 60 60 60 00 00 00 00 00 00 00 00 00
@00000620 00 00 00 00 00 00 00 00 00 00 00 00 00 00 00 00
@00000630 00 00 00 00 00 00 00 00 00 00 00 00 00 00 00 00
@00000640 00 00 00 00 00 00 00 00 00 00 00 00 00 00 00 00
@00000650 00 00 00 00 00 00 00 00 00 00 00 00 00 00 00 00
@00000660 00 00 00 00 00 00 00 00 00 00 00 00 00 00 00 00
@00000670 00 00 00 00 00 00 00 00 00 00 00 00 00 00 00 00
@00000680 00 00 00 00 00 00 00 00 00 00 00 00 00 00 00 00
@00000690 00 00 00 00 00 00 00 00 00 00 00 00 00 00 00 00
@000006A0 00 00 00 00 00 00 00 00 00 00 00 00 00 00 00 00
@000006B0 00 00 00 00 00 00 00 00 00 00 00 00 00 00 00 00
@000006C0 00 00 00 00 00 00 00 00 00 00 00 00 00 00 00 00
@000006D0 00 00 00 00 00 00 00 00 00 00 00 00 00 00 00 00
@000006E0 00 00 00 00 00 00 00 00 00 00 00 00 00 00 00 00
@000006F0 00 00 00 00 00 00 00 00 00 00 00 00 00 00 00 00
@00000700 00 00 00 00 00 00 00 00 00 00 00 00 00 00 00 00
@00000710 00 00 00 00 00 00 00 00 00 00 00 00 00 00 00 00
@00000720 00 00 00 00 00 00 00 00 00 00 00 00 00 00 00 00
@00000730 00 00 00 00 00 00 00 00 00 00 00 00 00 00 00 00
@00000740 00 00 00 00 00 00 00 00 00 00 00 00 00 00 00 00
@00000750 00 00 00 00 00 00 00 00 00 00 00 00 00 00 00 00
@00000760 00 00 00 00 00 00 00 00 00 00 00 00 00 00 00 00
@00000770 00 00 00 00 00 00 00 00 00 00 00 00 00 00 00 00
@00000780 00 80 80 80 80 00 00 00 00 00 00 00 00 00 00 00
@00000790 00 00 00 00 00 00 00 00 00 00 00 00 00 00 00 00
@000007A0 00 80 80 80 80 00 00 00 00 00 00 00 00 00 00 00
@000007B0 00 00 00 00 00 00 00 00 00 00 00 00 00 00 00 00
@000007C0 00 00 00 00 00 00 00 00 00 00 00 00 00 00 00 00
@000007D0 00 00 00 00 00 00 00 00 00 00 00 00 00 00 00 00
@000007E0 00 00 00 00 00 00 00 00 00 00 00 00 00 00 00 00
@000007F0 00 00 00 00 00 00 00 00 00 00 00 00 00 00 00 00
