/* http://srecord.sourceforge.net/ */
@00000000 00 00 00 00 00 00 00 00 00 00 00 00 00 00 00 00
@00000010 00 00 00 00 00 00 00 00 00 00 00 00 00 00 00 00
@00000020 00 00 00 00 00 00 00 00 00 00 00 00 00 00 00 00
@00000030 00 00 00 00 00 00 00 00 00 00 00 00 00 00 00 00
@00000040 00 00 00 00 00 00 00 00 00 00 00 00 00 00 00 00
@00000050 00 00 00 00 00 00 00 00 00 00 00 00 00 00 00 00
@00000060 00 00 00 00 00 00 00 00 00 00 00 00 00 00 00 00
@00000070 00 00 00 00 00 00 00 00 00 00 00 00 00 00 00 00
@00000080 00 00 00 00 00 00 00 00 00 00 00 00 00 00 00 00
@00000090 00 00 00 00 00 00 00 00 00 00 00 00 00 00 00 00
@000000A0 00 00 00 00 00 00 00 00 00 00 00 00 00 00 00 00
@000000B0 00 00 00 00 00 00 00 00 00 00 00 00 00 00 00 00
@000000C0 00 00 00 00 00 00 00 00 00 00 00 00 00 00 00 00
@000000D0 00 00 00 00 00 00 00 00 00 00 00 00 00 00 00 00
@000000E0 00 00 00 00 00 00 00 00 00 00 00 00 00 00 00 00
@000000F0 00 00 00 00 00 00 00 00 00 00 00 00 00 00 00 00
@00000100 00 00 00 00 00 00 00 00 00 00 00 00 00 00 00 00
@00000110 00 00 00 00 00 00 00 00 00 00 00 00 00 00 00 00
@00000120 00 00 00 00 00 00 00 00 00 00 00 00 00 00 00 00
@00000130 00 00 00 00 00 00 00 00 00 00 00 00 00 00 00 00
@00000140 00 00 00 00 00 00 00 00 00 00 00 00 00 00 00 00
@00000150 00 00 00 00 00 00 00 00 00 00 00 00 00 00 00 00
@00000160 00 00 00 00 00 00 00 00 00 00 00 00 00 00 00 00
@00000170 00 00 00 00 00 00 00 00 00 00 00 00 00 00 00 00
@00000180 00 00 00 00 00 00 00 00 00 00 00 00 00 00 00 00
@00000190 00 00 00 00 00 00 00 00 00 00 00 00 00 00 00 00
@000001A0 00 00 00 00 00 00 00 00 00 00 00 00 00 00 00 00
@000001B0 00 00 00 00 00 00 00 00 00 00 00 00 00 00 00 00
@000001C0 00 00 00 00 00 00 00 00 00 00 00 00 00 00 00 00
@000001D0 00 00 00 00 00 00 00 00 00 00 00 00 00 00 00 00
@000001E0 00 00 00 00 00 00 00 00 00 00 00 00 00 00 00 00
@000001F0 00 00 00 00 00 00 00 00 00 00 00 00 00 00 00 00
@00000200 A0 A0 A0 A0 A0 A0 A0 A0 A0 A0 A0 A0 A0 A0 A0 A0
@00000210 A0 A0 A0 A0 A0 A0 A0 A0 A0 A0 A0 A0 A0 A0 A0 A0
@00000220 A0 A0 A0 A0 A0 A0 A0 A0 A0 A0 A0 A0 A1 A0 A0 A0
@00000230 A0 A0 A0 A0 A0 A0 A0 A0 A0 A2 A3 A0 A0 A0 A0 A0
@00000240 A0 A0 A0 A0 A0 A0 A0 A0 A0 A4 A5 A0 A0 A0 A0 A0
@00000250 A0 A0 A0 A0 A0 A0 A0 A0 A0 A0 A0 A0 A0 A0 A0 A0
@00000260 A0 A0 A0 A0 A0 A0 A0 A0 A0 A0 A0 A0 A0 A0 A0 A0
@00000270 A0 A0 A0 A0 A0 A0 A0 A0 A0 A0 A0 A0 A0 A0 A0 A0
@00000280 1D 1D 1D 1D 1D 1D 1D 1D 1D 1D 1D 1D 1D 1D 1D 1D
@00000290 1E 1E 1E 1E 1E 1E 1E 1E 1E 1E 1E 1E 1E 1E 1E 1E
@000002A0 1F 1F 1F 1F 1F 1F 1F 1F 1F 1F 1F 1F 1F 1F 1F 1F
@000002B0 1F 1F 1F 1F 1F 1F 1F 1F 1F 1F 1F 1F 1F 1F 1F 1F
@000002C0 1F 1F 1F 1F 1F 1F 1F 1F 1F 1F 1F 1F 1F 1F 1F 1F
@000002D0 1F 1F 1F 1F 1F 1F 1F 1F 1F 1F 1F 1F 1F 1F 1F 1F
@000002E0 1F 1F 1F 1F 1F 1F 1F 1F 1F 1F 1F 1F 1F 1F 1F 1F
@000002F0 1F 1F 1F 1F 1F 1F 1F 1F 1F 1F 1F 1F 1F 1F 1F 1F
@00000300 00 00 00 00 00 00 00 00 00 00 00 00 00 00 00 00
@00000310 00 00 00 00 00 00 00 00 00 00 00 00 00 00 00 00
@00000320 00 00 00 00 00 00 00 00 00 00 00 00 00 00 00 00
@00000330 00 00 00 00 00 00 00 00 00 00 00 00 00 00 00 00
@00000340 00 00 00 00 00 00 00 00 00 00 00 00 00 00 00 00
@00000350 00 00 00 00 00 00 00 00 00 00 00 00 00 00 00 00
@00000360 00 00 00 00 00 00 00 00 00 00 00 00 00 00 00 00
@00000370 00 00 00 00 00 00 00 00 00 00 00 00 00 00 00 00
@00000380 00 00 00 00 00 00 00 00 00 00 00 00 00 00 00 00
@00000390 00 00 00 00 00 00 00 00 00 00 00 00 00 00 00 00
@000003A0 00 00 00 00 00 00 00 00 00 00 00 00 00 00 00 00
@000003B0 00 00 00 00 00 00 00 00 00 00 00 00 00 00 00 00
@000003C0 00 00 00 00 00 00 00 00 00 00 00 00 00 00 00 00
@000003D0 00 00 00 00 00 00 00 00 00 00 00 00 00 00 00 00
@000003E0 00 00 00 00 00 00 00 00 00 00 00 00 00 00 00 00
@000003F0 00 00 00 00 00 00 00 00 00 00 00 00 00 00 00 00
@00000400 00 00 00 00 00 00 00 00 00 00 00 00 00 00 00 00
@00000410 00 00 00 00 00 00 00 00 00 00 00 00 00 00 00 00
@00000420 00 00 00 00 00 00 00 00 00 00 00 00 00 00 00 00
@00000430 00 00 00 00 00 00 00 00 00 00 00 00 00 00 00 00
@00000440 00 00 00 00 00 00 00 00 00 00 00 00 00 00 00 00
@00000450 00 00 00 00 00 00 00 00 00 00 00 00 00 00 00 00
@00000460 00 00 00 00 00 00 00 00 00 00 00 00 00 00 00 00
@00000470 00 00 00 00 00 00 00 00 00 00 00 00 00 00 00 00
@00000480 00 00 00 00 00 00 00 00 00 00 00 00 00 00 00 00
@00000490 00 00 00 00 00 00 00 00 00 00 00 00 00 00 00 00
@000004A0 00 00 00 00 00 00 00 00 00 00 00 00 00 00 00 00
@000004B0 00 00 00 00 00 00 00 00 00 00 00 00 00 00 00 00
@000004C0 00 00 00 00 00 00 00 00 00 00 00 00 00 00 00 00
@000004D0 00 00 00 00 00 00 00 00 00 00 00 00 00 00 00 00
@000004E0 00 00 00 00 00 00 00 00 00 00 00 00 00 00 00 00
@000004F0 00 00 00 00 00 00 00 00 00 00 00 00 00 00 00 00
@00000500 00 00 00 00 00 00 00 00 00 00 00 00 00 00 00 00
@00000510 00 00 00 00 00 00 00 00 00 00 00 00 00 00 00 00
@00000520 00 00 00 00 00 00 00 00 00 00 00 00 00 00 00 00
@00000530 00 00 00 00 00 00 00 00 00 00 00 00 00 00 00 00
@00000540 00 00 00 00 00 00 00 00 00 00 00 00 00 00 00 00
@00000550 00 00 00 00 00 00 00 00 00 00 00 00 00 00 00 00
@00000560 00 00 00 00 00 00 00 00 00 00 00 00 00 00 00 00
@00000570 00 00 00 00 00 00 00 00 00 00 00 00 00 00 00 00
@00000580 00 00 00 00 00 00 00 00 00 00 00 00 00 00 00 00
@00000590 00 00 00 00 00 00 00 00 00 00 00 00 00 00 00 00
@000005A0 00 00 00 00 00 00 00 00 00 00 00 00 00 00 00 00
@000005B0 00 00 00 00 00 00 00 00 00 00 00 00 00 00 00 00
@000005C0 00 00 00 00 00 00 00 00 00 00 00 00 00 00 00 00
@000005D0 00 00 00 00 00 00 00 00 00 00 00 00 00 00 00 00
@000005E0 00 00 00 00 00 00 00 00 00 00 00 00 00 00 00 00
@000005F0 00 00 00 00 00 00 00 00 00 00 00 00 00 00 00 00
@00000600 21 21 21 21 21 21 21 21 21 21 21 21 21 21 21 21
@00000610 21 21 21 21 21 21 21 21 21 21 21 21 21 21 21 21
@00000620 21 21 21 21 21 21 21 21 21 21 21 21 21 21 21 21
@00000630 21 21 21 21 21 21 21 21 21 21 21 21 21 21 21 21
@00000640 21 21 21 21 21 21 21 21 21 21 21 21 21 21 21 21
@00000650 21 21 21 21 21 21 21 21 21 21 21 21 21 21 21 21
@00000660 21 21 21 21 21 21 21 21 21 21 21 21 21 21 21 21
@00000670 21 21 21 21 21 21 21 21 21 21 21 21 21 21 21 21
@00000680 25 25 25 25 25 25 25 25 25 25 25 25 25 25 25 25
@00000690 25 25 25 25 25 25 25 25 25 25 25 25 25 25 25 25
@000006A0 25 25 25 25 25 25 25 25 25 25 25 25 25 25 25 25
@000006B0 25 25 25 25 25 25 25 25 25 25 25 25 25 25 25 25
@000006C0 25 25 25 25 25 25 25 25 25 25 25 25 25 25 25 25
@000006D0 25 25 25 25 25 25 25 25 25 25 25 25 25 25 25 25
@000006E0 25 25 25 25 25 25 25 25 25 25 25 25 25 25 25 25
@000006F0 25 25 25 25 25 25 25 25 25 25 25 25 25 25 25 25
@00000700 00 00 00 00 00 00 00 00 00 00 00 00 00 00 00 00
@00000710 00 00 00 00 00 00 00 00 00 00 00 00 00 00 00 00
@00000720 00 00 00 00 00 00 00 00 00 00 00 00 00 00 00 00
@00000730 00 00 00 00 00 00 00 00 00 00 00 00 00 00 00 00
@00000740 00 00 00 00 00 00 00 00 00 00 00 00 00 00 00 00
@00000750 00 00 00 00 00 00 00 00 00 00 00 00 00 00 00 00
@00000760 00 00 00 00 00 00 00 00 00 00 00 00 00 00 00 00
@00000770 00 00 00 00 00 00 00 00 00 00 00 00 00 00 00 00
@00000780 00 00 00 00 00 00 00 00 00 00 00 00 00 00 00 00
@00000790 00 00 00 00 00 00 00 00 00 00 00 00 00 00 00 00
@000007A0 00 00 00 00 00 00 00 00 00 00 00 00 00 00 00 00
@000007B0 00 00 00 00 00 00 00 00 00 00 00 00 00 00 00 00
@000007C0 00 00 00 00 00 00 00 00 00 00 00 00 00 00 00 00
@000007D0 00 00 00 00 00 00 00 00 00 00 00 00 00 00 00 00
@000007E0 00 00 00 00 00 00 00 00 00 00 00 00 00 00 00 00
@000007F0 00 00 00 00 00 00 00 00 00 00 00 00 00 00 00 00
