/* http://srecord.sourceforge.net/ */
@00000000 00 00 00 00 00 00 00 00 00 00 00 00 00 00 00 00
@00000010 00 00 00 00 00 00 00 00 00 00 00 00 00 00 00 00
@00000020 00 00 00 00 00 00 00 00 00 00 00 00 00 00 00 00
@00000030 00 00 00 00 00 00 00 00 00 00 00 00 00 00 00 00
@00000040 00 00 00 00 00 00 00 00 00 00 00 00 00 00 00 00
@00000050 00 00 00 00 00 00 00 00 00 00 00 00 00 00 00 00
@00000060 00 00 00 00 00 00 00 00 00 00 00 00 00 00 00 00
@00000070 00 00 00 00 00 00 00 00 00 00 00 00 00 00 00 00
@00000080 00 00 00 00 00 00 00 00 00 00 00 00 00 00 00 00
@00000090 00 00 00 00 00 00 00 00 00 00 00 00 00 00 00 00
@000000A0 00 00 00 00 00 00 00 00 00 00 00 00 00 00 00 00
@000000B0 00 00 00 00 00 00 00 00 00 00 00 00 00 00 00 00
@000000C0 00 00 00 00 00 00 00 00 00 00 00 00 00 00 00 00
@000000D0 00 00 00 00 00 00 00 00 00 00 00 00 00 00 00 00
@000000E0 00 00 00 00 00 00 00 00 00 00 00 00 00 00 00 00
@000000F0 00 00 00 00 00 00 00 00 00 00 00 00 00 00 00 00
@00000100 00 00 00 00 00 00 00 00 00 00 00 00 00 00 00 00
@00000110 00 00 00 00 00 00 00 00 00 00 00 00 00 00 00 00
@00000120 00 00 00 00 00 00 00 00 00 00 00 00 00 00 00 00
@00000130 00 00 00 00 00 00 00 00 00 00 00 00 00 00 00 00
@00000140 00 00 00 00 00 00 00 00 00 00 00 00 00 00 00 00
@00000150 00 00 00 00 00 00 00 00 00 00 00 00 00 00 00 00
@00000160 00 00 00 00 00 00 00 00 00 00 00 00 00 00 00 00
@00000170 00 00 00 00 00 00 00 00 00 00 00 00 00 00 00 00
@00000180 00 00 00 00 00 00 00 00 00 00 00 00 00 00 00 00
@00000190 00 00 00 00 00 00 00 00 00 00 00 00 00 00 00 00
@000001A0 00 00 00 00 00 00 00 00 00 00 00 00 00 00 00 00
@000001B0 00 00 00 00 00 00 00 00 00 00 00 00 00 00 00 00
@000001C0 00 00 00 00 00 00 00 00 00 00 00 00 00 00 00 00
@000001D0 00 00 00 00 00 00 00 00 00 00 00 00 00 00 00 00
@000001E0 00 00 00 00 00 00 00 00 00 00 00 00 00 00 00 00
@000001F0 00 00 00 00 00 00 00 00 00 00 00 00 00 00 00 00
@00000200 00 00 00 00 00 00 00 00 00 00 00 00 00 00 00 00
@00000210 00 00 00 00 00 00 00 00 00 00 00 00 00 00 00 00
@00000220 00 00 00 00 00 00 00 00 00 00 00 00 00 00 00 00
@00000230 00 00 00 00 00 00 00 00 00 00 00 00 00 00 00 00
@00000240 00 00 00 00 00 00 00 00 00 00 00 00 00 00 00 00
@00000250 00 00 00 00 00 00 00 00 00 00 00 00 00 00 00 00
@00000260 00 00 00 00 00 00 00 00 00 00 00 00 00 00 00 00
@00000270 00 00 00 00 00 00 00 00 00 00 00 00 00 00 00 00
@00000280 00 00 00 00 00 00 00 00 00 00 00 00 00 00 00 00
@00000290 83 84 85 86 85 86 85 86 17 1A 85 86 83 84 85 86
@000002A0 87 88 89 8A 89 8A 89 8A 15 16 8D 8A 87 88 89 8A
@000002B0 01 02 03 04 01 02 03 04 18 19 8E 04 0F 10 8B 04
@000002C0 05 06 07 08 05 06 07 08 1B 1C 8F 08 13 14 8C 08
@000002D0 09 0A 09 0A 09 0A 09 0A 09 0A 0D 0E 09 0A 09 0A
@000002E0 0B 0C 0B 0C 0B 0C 0B 0C 0B 0C 11 12 0B 0C 0B 0C
@000002F0 00 00 00 00 00 00 00 00 00 00 00 00 00 00 00 00
@00000300 00 00 00 00 00 00 00 00 00 00 00 00 00 00 00 00
@00000310 00 00 00 00 00 00 00 00 00 00 00 00 00 00 00 00
@00000320 00 00 00 00 00 00 00 00 00 00 00 00 00 00 00 00
@00000330 00 00 00 00 00 00 00 00 00 00 00 00 00 00 00 00
@00000340 00 00 00 00 00 00 00 00 00 00 00 00 00 00 00 00
@00000350 00 00 00 00 00 00 00 00 00 00 00 00 00 00 00 00
@00000360 00 00 00 00 00 00 00 00 00 00 00 00 00 00 00 00
@00000370 00 00 00 00 00 00 00 00 00 00 00 00 00 00 00 00
@00000380 00 00 00 00 00 00 00 00 00 00 00 00 00 00 00 00
@00000390 83 84 58 59 5A 5B 83 84 83 84 85 86 85 86 85 86
@000003A0 87 88 5C 5D 5E 5F 89 8A 87 88 89 8A 89 8A 89 8A
@000003B0 79 60 61 62 63 64 65 04 01 02 03 04 01 02 03 04
@000003C0 7A 66 67 68 69 6A 6B 7B 05 06 07 08 05 06 07 08
@000003D0 7C 6C 6D 6E 6F 70 71 72 09 0A 09 0A 09 0A 09 0A
@000003E0 0B 0C 0B 0C 0B 0C 0B 0C 0B 0C 0B 0C 0B 0C 0B 0C
@000003F0 00 00 00 00 00 00 00 00 00 00 00 00 00 00 00 00
@00000400 00 00 00 00 00 00 00 00 00 00 00 00 00 00 00 00
@00000410 00 00 00 00 00 00 00 00 00 00 00 00 00 00 00 00
@00000420 00 00 00 00 00 00 00 00 00 00 00 00 00 00 00 00
@00000430 00 00 00 00 00 00 00 00 00 00 00 00 00 00 00 00
@00000440 00 00 00 00 00 00 00 00 00 00 00 00 00 00 00 00
@00000450 00 00 00 00 00 00 00 00 00 00 00 00 00 00 00 00
@00000460 00 00 00 00 00 00 00 00 00 00 00 00 00 00 00 00
@00000470 00 00 00 00 00 00 00 00 00 00 00 00 00 00 00 00
@00000480 00 00 00 00 00 00 00 00 00 00 00 00 00 00 00 00
@00000490 00 00 00 00 00 00 00 00 00 00 00 00 00 00 00 00
@000004A0 00 00 00 00 00 00 00 00 00 00 00 00 00 00 00 00
@000004B0 00 00 00 00 00 00 00 00 00 00 00 00 00 00 00 00
@000004C0 00 00 00 00 00 00 00 00 00 00 00 00 00 00 00 00
@000004D0 00 00 00 00 00 00 00 00 00 00 00 00 00 00 00 00
@000004E0 00 00 00 00 00 00 00 00 00 00 00 00 00 00 00 00
@000004F0 00 00 00 00 00 00 00 00 00 00 00 00 00 00 00 00
@00000500 00 00 00 00 00 00 00 00 00 00 00 00 00 00 00 00
@00000510 00 00 00 00 00 00 00 00 00 00 00 00 00 00 00 00
@00000520 00 00 00 00 00 00 00 00 00 00 00 00 00 00 00 00
@00000530 00 00 00 00 00 00 00 00 00 00 00 00 00 00 00 00
@00000540 00 00 00 00 00 00 00 00 00 00 00 00 00 00 00 00
@00000550 00 00 00 00 00 00 00 00 00 00 00 00 00 00 00 00
@00000560 00 00 00 00 00 00 00 00 00 00 00 00 00 00 00 00
@00000570 00 00 00 00 00 00 00 00 00 00 00 00 00 00 00 00
@00000580 00 00 00 00 00 00 00 00 00 00 00 00 00 00 00 00
@00000590 00 00 00 00 00 00 00 00 00 00 00 00 00 00 00 00
@000005A0 00 00 00 00 00 00 00 00 00 00 00 00 00 00 00 00
@000005B0 00 00 00 00 00 00 00 00 00 00 00 00 00 00 00 00
@000005C0 00 00 00 00 00 00 00 00 00 00 00 00 00 00 00 00
@000005D0 00 00 00 00 00 00 00 00 00 00 00 00 00 00 00 00
@000005E0 00 00 00 00 00 00 00 00 00 00 00 00 00 00 00 00
@000005F0 00 00 00 00 00 00 00 00 00 00 00 00 00 00 00 00
@00000600 00 00 00 00 00 00 00 00 00 00 00 00 00 00 00 00
@00000610 00 00 00 00 00 00 00 00 00 00 00 00 00 00 00 00
@00000620 00 00 00 00 00 00 00 00 00 00 00 00 00 00 00 00
@00000630 00 00 00 00 00 00 00 00 00 00 00 00 00 00 00 00
@00000640 00 00 00 00 00 00 00 00 00 00 00 00 00 00 00 00
@00000650 00 00 00 00 00 00 00 00 00 00 00 00 00 00 00 00
@00000660 00 00 00 00 00 00 00 00 00 00 00 00 00 00 00 00
@00000670 00 00 00 00 00 00 00 00 00 00 00 00 00 00 00 00
@00000680 02 02 02 02 02 02 02 02 02 02 02 02 02 02 02 02
@00000690 62 62 62 62 62 62 62 62 02 02 62 62 62 62 62 62
@000006A0 62 62 62 62 62 62 62 62 02 02 02 62 62 62 62 62
@000006B0 02 02 02 02 02 02 02 02 02 02 02 02 02 02 02 02
@000006C0 02 02 02 02 02 02 02 02 02 02 02 02 02 02 02 02
@000006D0 02 02 02 02 02 02 02 02 02 02 02 02 02 02 02 02
@000006E0 02 02 02 02 02 02 02 02 02 02 02 02 02 02 02 02
@000006F0 02 02 02 02 02 02 02 02 02 02 02 02 02 02 02 02
@00000700 00 00 00 00 00 00 00 00 00 00 00 00 00 00 00 00
@00000710 00 00 00 00 00 00 00 00 00 00 00 00 00 00 00 00
@00000720 00 00 00 00 00 00 00 00 00 00 00 00 00 00 00 00
@00000730 00 00 00 00 00 00 00 00 00 00 00 00 00 00 00 00
@00000740 00 00 00 00 00 00 00 00 00 00 00 00 00 00 00 00
@00000750 00 00 00 00 00 00 00 00 00 00 00 00 00 00 00 00
@00000760 00 00 00 00 00 00 00 00 00 00 00 00 00 00 00 00
@00000770 00 00 00 00 00 00 00 00 00 00 00 00 00 00 00 00
@00000780 02 02 02 02 02 02 02 02 02 02 02 02 02 02 02 02
@00000790 62 62 12 12 12 12 62 62 62 62 62 62 62 62 62 62
@000007A0 62 62 12 12 12 12 62 62 62 62 62 62 62 62 62 62
@000007B0 02 12 12 12 12 12 12 02 02 02 02 02 02 02 02 02
@000007C0 02 12 12 12 12 12 12 02 02 02 02 02 02 02 02 02
@000007D0 02 12 12 12 12 12 12 12 02 02 02 02 02 02 02 02
@000007E0 02 02 02 02 02 02 02 02 02 02 02 02 02 02 02 02
@000007F0 02 02 02 02 02 02 02 02 02 02 02 02 02 02 02 02
