/* http://srecord.sourceforge.net/ */
@00000000 00 00 00 00 00 00 00 00 00 00 00 00 00 00 00 00 00 00 00 00 00 00 00
@00000017 00 00 00 00 00 00 00 00 00 00 00 00 00 00 00 00 00 00 00 00 00 00 00
@0000002E 00 00 00 00 00 00 00 00 00 00 00 00 00 00 00 00 00 00 00 00 00 00 00
@00000045 00 00 00 00 00 00 00 00 00 00 00 00 00 00 00 00 00 00 00 00 00 00 00
@0000005C 00 00 00 00 00 00 00 00 00 00 00 00 00 00 00 00 00 00 00 00 00 00 00
@00000073 00 00 00 00 00 00 00 00 00 00 00 00 00 00 00 00 00 00 00 00 00 00 00
@0000008A 00 00 00 00 00 00 00 00 00 00 00 00 00 00 00 00 00 00 00 00 00 00 00
@000000A1 00 00 00 00 00 00 00 00 00 00 00 00 00 00 00 00 00 00 00 00 00 00 00
@000000B8 00 00 00 00 00 00 00 00 00 00 00 00 00 00 00 00 00 00 00 00 00 00 00
@000000CF 00 00 00 00 00 00 00 00 00 00 00 00 00 00 00 00 00 00 00 00 00 00 00
@000000E6 00 00 00 00 00 00 00 00 00 00 00 00 00 00 00 00 00 00 00 00 00 00 00
@000000FD 00 00 00 00 00 00 00 00 00 00 00 00 00 00 00 00 00 00 00 00 00 00 00
@00000114 00 00 00 00 00 00 00 00 00 00 00 00 00 00 00 00 00 00 00 00 00 00 00
@0000012B 00 00 00 00 00 00 00 00 00 00 00 00 00 00 00 00 00 00 00 00 00 00 00
@00000142 00 00 00 00 00 00 00 00 00 00 00 00 00 00 00 00 00 00 00 00 00 00 00
@00000159 00 00 00 00 00 00 00 00 00 00 00 00 00 00 00 00 00 00 00 00 00 00 00
@00000170 00 00 00 00 00 00 00 00 00 00 00 00 00 00 00 00 00 00 00 00 00 00 00
@00000187 00 00 00 00 00 00 00 00 00 00 00 00 00 00 00 00 00 00 00 00 00 00 00
@0000019E 00 00 00 00 00 00 00 00 00 00 00 00 00 00 00 00 00 00 00 00 00 00 00
@000001B5 00 00 00 00 00 00 00 00 00 00 00 00 00 00 00 00 00 00 00 00 00 00 00
@000001CC 00 00 00 00 00 00 00 00 00 00 00 00 00 00 00 00 00 00 00 00 00 00 00
@000001E3 00 00 00 00 00 00 00 00 00 00 00 00 00 00 00 00 00 00 00 00 00 00 00
@000001FA 00 00 00 00 00 00 55 55 55 54 5B 53 4E 52 54 56 55 52 55 54 55 51 52
@00000211 55 53 4E 4E 52 53 55 55 53 4E 51 51 52 54 52 4E 55 55 53 51 54 52 51
@00000228 5B 53 55 54 54 51 53 54 54 52 51 55 5B 53 51 53 55 55 54 53 56 55 54
@0000023F 52 55 52 4E 52 53 52 55 52 55 5B 55 55 53 54 53 54 54 53 51 53 52 51
@00000256 54 53 4E 55 53 52 52 56 55 55 53 4E 54 52 55 55 52 4E 55 51 5B 54 51
@0000026D 4E 52 51 52 53 56 53 54 53 52 52 5B 51 52 53 53 5B 51 52 54 56 55 52
@00000284 55 54 55 51 55 55 55 54 5B 53 4E 52 55 53 4E 51 51 52 54 52 52 55 53
@0000029B 4E 4E 52 53 55 5B 53 55 54 54 51 53 54 4E 55 55 53 51 54 52 51 55 55
@000002B2 54 53 56 55 54 52 54 52 51 55 5B 53 51 53 55 5B 55 55 53 54 53 54 55
@000002C9 52 4E 52 53 52 55 52 4E 55 53 52 52 56 55 55 54 53 51 53 52 51 54 53
@000002E0 55 51 5B 54 51 4E 52 51 53 4E 54 52 55 55 52 4E 5B 51 52 53 53 5B 51
@000002F7 52 52 53 56 53 54 53 52 52 55 55 55 54 5B 53 4E 52 54 56 55 52 55 54
@0000030E 55 51 52 55 53 4E 4E 52 53 55 55 53 4E 51 51 52 54 52 4E 55 55 53 51
@00000325 54 52 51 5B 53 55 54 54 51 53 54 54 52 51 55 5B 53 51 53 55 55 54 53
@0000033C 56 55 54 52 55 52 4E 52 53 52 55 52 55 5B 55 55 53 54 53 54 54 53 51
@00000353 53 52 51 54 53 4E 55 53 52 52 56 55 55 53 4E 54 52 55 55 52 4E 55 51
@0000036A 5B 54 51 4E 52 51 52 53 56 53 54 53 52 52 5B 51 52 53 53 5B 51 52 54
@00000381 56 55 52 55 54 55 51 55 55 55 54 5B 53 4E 52 55 53 4E 51 51 52 54 52
@00000398 52 55 53 4E 4E 52 53 55 5B 53 55 54 54 51 53 54 4E 55 55 53 51 54 52
@000003AF 51 55 55 54 53 56 55 54 52 54 52 51 55 5B 53 51 53 55 5B 55 55 53 54
@000003C6 53 54 55 52 4E 52 53 52 55 52 4E 55 53 52 52 56 55 55 54 53 51 53 52
@000003DD 51 54 53 55 51 5B 54 51 4E 52 51 53 4E 54 52 55 55 52 4E 5B 51 52 53
@000003F4 53 5B 51 52 52 53 56 53 54 53 52 52 00 00 00 00 00 00 00 00 00 00 00
@0000040B 00 00 00 00 00 00 00 00 00 00 00 00 00 00 00 00 00 00 00 00 00 00 00
@00000422 00 00 00 00 00 00 00 00 00 00 00 00 00 00 00 00 00 00 00 00 00 00 00
@00000439 00 00 00 00 00 00 00 00 00 00 00 00 00 00 00 00 00 00 00 00 00 00 00
@00000450 00 00 00 00 00 00 00 00 00 00 00 00 00 00 00 00 00 00 00 00 00 00 00
@00000467 00 00 00 00 00 00 00 00 00 00 00 00 00 00 00 00 00 00 00 00 00 00 00
@0000047E 00 00 00 00 00 00 00 00 00 00 00 00 00 00 00 00 00 00 00 00 00 00 00
@00000495 00 00 00 00 00 00 00 00 00 00 00 00 00 00 00 00 00 00 00 00 00 00 00
@000004AC 00 00 00 00 00 00 00 00 00 00 00 00 00 00 00 00 00 00 00 00 00 00 00
@000004C3 00 00 00 00 00 00 00 00 00 00 00 00 00 00 00 00 00 00 00 00 00 00 00
@000004DA 00 00 00 00 00 00 00 00 00 00 00 00 00 00 00 00 00 00 00 00 00 00 00
@000004F1 00 00 00 00 00 00 00 00 00 00 00 00 00 00 00 00 00 00 00 00 00 00 00
@00000508 00 00 00 00 00 00 00 00 00 00 00 00 00 00 00 00 00 00 00 00 00 00 00
@0000051F 00 00 00 00 00 00 00 00 00 00 00 00 00 00 00 00 00 00 00 00 00 00 00
@00000536 00 00 00 00 00 00 00 00 00 00 00 00 00 00 00 00 00 00 00 00 00 00 00
@0000054D 00 00 00 00 00 00 00 00 00 00 00 00 00 00 00 00 00 00 00 00 00 00 00
@00000564 00 00 00 00 00 00 00 00 00 00 00 00 00 00 00 00 00 00 00 00 00 00 00
@0000057B 00 00 00 00 00 00 00 00 00 00 00 00 00 00 00 00 00 00 00 00 00 00 00
@00000592 00 00 00 00 00 00 00 00 00 00 00 00 00 00 00 00 00 00 00 00 00 00 00
@000005A9 00 00 00 00 00 00 00 00 00 00 00 00 00 00 00 00 00 00 00 00 00 00 00
@000005C0 00 00 00 00 00 00 00 00 00 00 00 00 00 00 00 00 00 00 00 00 00 00 00
@000005D7 00 00 00 00 00 00 00 00 00 00 00 00 00 00 00 00 00 00 00 00 00 00 00
@000005EE 00 00 00 00 00 00 00 00 00 00 00 00 00 00 00 00 00 00 02 02 02 02 02
@00000605 02 02 02 02 02 02 02 02 02 02 02 02 02 02 02 02 02 02 02 02 02 02 02
@0000061C 02 02 02 02 02 02 02 02 02 02 02 02 02 02 02 02 02 02 02 02 02 02 02
@00000633 02 02 02 02 02 02 02 02 02 02 02 02 02 02 02 02 02 02 02 02 02 02 02
@0000064A 02 02 02 02 02 02 02 02 02 02 02 02 02 02 02 02 02 02 02 02 02 02 02
@00000661 02 02 02 02 02 02 02 02 02 02 02 02 02 02 02 02 02 02 02 02 02 02 02
@00000678 02 02 02 02 02 02 02 02 02 02 02 02 02 02 02 02 02 02 02 02 02 02 02
@0000068F 02 02 02 02 02 02 02 02 02 02 02 02 02 02 02 02 02 02 02 02 02 02 02
@000006A6 02 02 02 02 02 02 02 02 02 02 02 02 02 02 02 02 02 02 02 02 02 02 02
@000006BD 02 02 02 02 02 02 02 02 02 02 02 02 02 02 02 02 02 02 02 02 02 02 02
@000006D4 02 02 02 02 02 02 02 02 02 02 02 02 02 02 02 02 02 02 02 02 02 02 02
@000006EB 02 02 02 02 02 02 02 02 02 02 02 02 02 02 02 02 02 02 02 02 02 02 02
@00000702 02 02 02 02 02 02 02 02 02 02 02 02 02 02 02 02 02 02 02 02 02 02 02
@00000719 02 02 02 02 02 02 02 02 02 02 02 02 02 02 02 02 02 02 02 02 02 02 02
@00000730 02 02 02 02 02 02 02 02 02 02 02 02 02 02 02 02 02 02 02 02 02 02 02
@00000747 02 02 02 02 02 02 02 02 02 02 02 02 02 02 02 02 02 02 02 02 02 02 02
@0000075E 02 02 02 02 02 02 02 02 02 02 02 02 02 02 02 02 02 02 02 02 02 02 02
@00000775 02 02 02 02 02 02 02 02 02 02 02 02 02 02 02 02 02 02 02 02 02 02 02
@0000078C 02 02 02 02 02 02 02 02 02 02 02 02 02 02 02 02 02 02 02 02 02 02 02
@000007A3 02 02 02 02 02 02 02 02 02 02 02 02 02 02 02 02 02 02 02 02 02 02 02
@000007BA 02 02 02 02 02 02 02 02 02 02 02 02 02 02 02 02 02 02 02 02 02 02 02
@000007D1 02 02 02 02 02 02 02 02 02 02 02 02 02 02 02 02 02 02 02 02 02 02 02
@000007E8 02 02 02 02 02 02 02 02 02 02 02 02 02 02 02 02 02 02 02 02 02 02 02
@000007FF 02
