/* http://srecord.sourceforge.net/ */
@00000000 00 00 00 00 00 00 00 00 00 00 00 00 00 00 00 00 00 00 00 00 00 00 00
@00000017 00 00 00 00 00 00 00 00 00 00 71 72 00 00 73 00 00 00 00 00 00 00 9B
@0000002E 9C 00 00 74 75 76 77 78 79 89 8A 8B 8C 8D 8E 9D 9E 00 00 7A 7B 7C 7D
@00000045 7E 7F 8F 90 91 92 93 94 9F A0 00 00 80 81 82 83 84 85 95 96 97 98 99
@0000005C 9A A1 A2 00 00 86 87 00 00 88 00 00 00 00 00 00 00 A3 A4 A5 00 00 00
@00000073 00 00 00 00 00 00 00 00 00 00 00 00 00 00 00 00 00 00 00 00 00 00 00
@0000008A 00 00 00 00 00 00 00 00 00 00 00 00 00 00 00 00 00 00 00 00 00 00 00
@000000A1 00 00 00 00 00 00 00 00 00 00 00 00 00 00 00 00 00 00 00 00 00 00 00
@000000B8 00 00 00 00 00 00 00 00 00 00 00 00 00 00 00 00 00 00 00 00 00 00 00
@000000CF 00 00 00 00 00 00 00 00 00 00 00 00 00 00 00 00 00 00 00 00 00 00 00
@000000E6 00 00 00 00 00 00 00 00 00 00 00 00 00 00 00 00 00 00 00 00 00 00 00
@000000FD 00 00 00 00 00 00 00 00 00 00 00 00 00 00 00 00 00 00 00 00 00 00 00
@00000114 00 00 00 00 00 00 00 00 00 00 00 00 00 00 00 00 00 00 00 00 00 00 00
@0000012B 00 00 00 00 00 00 00 00 00 00 00 00 00 00 00 00 00 00 00 00 00 00 00
@00000142 00 00 00 00 00 00 00 00 00 CB CA 00 00 00 00 00 00 00 00 00 00 00 00
@00000159 00 CF CE CD CC 00 00 00 00 00 00 00 00 00 00 00 00 D3 D2 D1 D0 00 00
@00000170 00 00 00 00 00 00 00 00 00 00 D7 D6 D5 D4 00 00 00 00 00 00 00 00 00
@00000187 00 00 DB DA D9 D8 00 00 00 00 00 00 00 00 00 00 00 00 DE 00 DD DC 00
@0000019E 00 00 00 00 00 00 00 00 00 00 00 00 00 E1 E0 DF 00 00 00 00 00 00 00
@000001B5 00 00 00 00 00 00 E4 E3 E2 00 00 00 00 00 00 00 00 00 00 00 00 E8 E7
@000001CC E6 E5 00 00 00 00 00 00 00 00 00 00 00 00 EC EB EA E9 00 00 00 00 00
@000001E3 00 00 00 00 00 00 00 00 00 00 00 00 00 00 00 00 00 00 00 00 00 00 00
@000001FA 00 00 00 00 00 00 00 00 00 00 00 00 00 00 00 00 00 00 00 00 00 00 00
@00000211 00 00 00 00 00 00 00 00 00 00 00 00 00 00 00 00 00 00 00 00 00 00 00
@00000228 00 00 00 00 00 00 00 00 00 00 00 00 00 00 00 00 00 00 00 00 00 00 00
@0000023F 00 00 00 00 00 00 00 00 00 00 00 00 00 00 00 00 00 00 00 00 00 00 00
@00000256 00 00 00 00 00 00 00 00 00 00 00 00 00 00 00 00 00 00 00 00 00 00 00
@0000026D 00 00 00 00 00 00 00 00 00 00 00 00 00 00 00 00 00 00 00 00 00 00 00
@00000284 00 00 00 00 00 00 00 00 00 00 00 00 00 00 00 00 00 00 00 00 00 00 00
@0000029B 00 00 00 00 00 00 00 00 00 00 00 00 00 00 00 00 00 00 00 00 00 00 00
@000002B2 00 00 00 00 00 00 00 00 00 00 00 00 00 00 00 00 00 00 00 00 00 00 00
@000002C9 00 00 00 00 00 00 00 00 00 00 00 00 00 00 00 00 00 00 00 00 00 00 00
@000002E0 00 00 00 00 00 00 00 00 00 00 00 00 00 00 00 00 00 00 00 00 00 00 00
@000002F7 00 00 00 00 00 00 00 00 00 00 00 00 00 00 00 00 00 00 00 00 00 00 00
@0000030E 00 00 00 00 00 00 00 00 00 00 00 00 00 00 00 00 00 00 00 00 00 00 00
@00000325 00 00 00 00 00 00 00 00 00 00 00 00 00 00 00 00 00 00 00 00 00 00 00
@0000033C 00 00 00 00 00 00 00 CA CB 00 00 00 00 00 00 00 00 00 00 00 00 00 CC
@00000353 CD CE CF 00 00 00 00 00 00 00 00 00 00 00 00 D0 D1 D2 D3 00 00 00 00
@0000036A 00 00 00 00 00 00 00 00 D4 D5 D6 D7 00 00 00 00 00 00 00 00 00 00 00
@00000381 00 00 D8 D9 DA DB 00 00 00 00 00 00 00 00 00 00 00 00 DC DD 00 DE 00
@00000398 00 00 00 00 00 00 00 00 00 00 DF E0 E1 00 00 00 00 00 00 00 00 00 00
@000003AF 00 00 00 E2 E3 E4 00 00 00 00 00 00 00 00 00 00 00 00 00 E5 E6 E7 E8
@000003C6 00 00 00 00 00 00 00 00 00 00 00 00 E9 EA EB EC 00 00 00 00 00 00 00
@000003DD 00 00 00 00 00 00 00 00 00 00 00 00 00 00 00 00 00 00 00 00 00 00 00
@000003F4 00 00 00 00 00 00 00 00 00 00 00 00 06 06 06 06 06 06 06 06 06 06 06
@0000040B 06 06 06 06 06 06 06 06 06 06 06 06 06 06 06 06 06 06 06 06 06 06 06
@00000422 06 06 06 06 06 06 06 06 06 06 06 06 06 06 06 06 06 06 06 06 06 06 06
@00000439 06 06 06 06 06 06 06 06 06 06 06 06 06 06 06 06 06 06 06 06 06 06 06
@00000450 06 06 06 06 06 06 06 06 06 06 06 06 06 06 06 06 06 06 06 06 06 06 06
@00000467 06 06 06 06 06 06 06 06 06 06 06 06 06 06 06 06 06 06 06 06 06 06 06
@0000047E 06 06 00 00 00 00 00 00 00 00 00 00 00 00 00 00 00 00 00 00 00 00 00
@00000495 00 00 00 00 00 00 00 00 00 00 00 00 00 00 00 00 00 00 00 00 00 00 00
@000004AC 00 00 00 00 00 00 00 00 00 00 00 00 00 00 00 00 00 00 00 00 00 00 00
@000004C3 00 00 00 00 00 00 00 00 00 00 00 00 00 00 00 00 00 00 00 00 00 00 00
@000004DA 00 00 00 00 00 00 00 00 00 00 00 00 00 00 00 00 00 00 00 00 00 00 00
@000004F1 00 00 00 00 00 00 00 00 00 00 00 00 00 00 00 00 00 00 00 00 00 00 00
@00000508 A6 A6 A6 A6 A6 A6 A6 A6 00 00 00 00 00 00 00 00 A6 A6 A6 A6 A6 A6 A6
@0000051F A6 00 00 00 00 00 00 00 00 A6 A6 A6 A6 A6 A6 A6 A6 00 00 00 00 00 00
@00000536 00 00 A6 A6 A6 A6 A6 A6 A6 A6 00 00 00 00 00 00 00 00 A6 A6 A6 A6 A6
@0000054D A6 A6 A6 00 00 00 00 00 00 00 00 A6 A6 A6 A6 A6 A6 A6 A6 00 00 00 00
@00000564 00 00 00 00 A6 A6 A6 A6 A6 A6 A6 A6 00 00 00 00 00 00 00 00 A6 A6 A6
@0000057B A6 A6 A6 A6 A6 00 00 00 00 00 00 00 00 A6 A6 A6 A6 A6 A6 A6 A6 00 00
@00000592 00 00 00 00 00 00 A6 A6 A6 A6 A6 A6 A6 A6 00 00 00 00 00 00 00 00 A6
@000005A9 A6 A6 A6 A6 A6 A6 A6 00 00 00 00 00 00 00 00 A6 A6 A6 A6 A6 A6 A6 A6
@000005C0 00 00 00 00 00 00 00 00 A6 A6 A6 A6 A6 A6 A6 A6 00 00 00 00 00 00 00
@000005D7 00 A6 A6 A6 A6 A6 A6 A6 A6 00 00 00 00 00 00 00 00 A6 A6 A6 A6 A6 A6
@000005EE A6 A6 00 00 00 00 00 00 00 00 A6 A6 A6 A6 A6 A6 A6 A6 00 00 00 00 00
@00000605 00 00 00 00 00 00 00 00 00 00 00 00 00 00 00 00 00 00 00 00 00 00 00
@0000061C 00 00 00 00 00 00 00 00 00 00 00 00 00 00 00 00 00 00 00 00 00 00 00
@00000633 00 00 00 00 00 00 00 00 00 00 00 00 00 00 00 00 00 00 00 00 00 00 00
@0000064A 00 00 00 00 00 00 00 00 00 00 00 00 00 00 00 00 00 00 00 00 00 00 00
@00000661 00 00 00 00 00 00 00 00 00 00 00 00 00 00 00 00 00 00 00 00 00 00 00
@00000678 00 00 00 00 00 00 00 00 00 00 00 00 00 00 00 00 00 00 00 00 00 00 00
@0000068F 00 00 00 00 00 00 00 00 00 00 00 00 00 00 00 00 00 00 00 00 00 00 00
@000006A6 00 00 00 00 00 00 00 00 00 00 00 00 00 00 00 00 00 00 00 00 00 00 00
@000006BD 00 00 00 00 00 00 00 00 00 00 00 00 00 00 00 00 00 00 00 00 00 00 00
@000006D4 00 00 00 00 00 00 00 00 00 00 00 00 00 00 00 00 00 00 00 00 00 00 00
@000006EB 00 00 00 00 00 00 00 00 00 00 00 00 00 00 00 00 00 00 00 00 00 26 26
@00000702 26 26 26 26 26 26 00 00 00 00 00 00 00 00 26 26 26 26 26 26 26 26 00
@00000719 00 00 00 00 00 00 00 26 26 26 26 26 26 26 26 00 00 00 00 00 00 00 00
@00000730 26 26 26 26 26 26 26 26 00 00 00 00 00 00 00 00 26 26 26 26 26 26 26
@00000747 26 00 00 00 00 00 00 00 00 26 26 26 26 26 26 26 26 00 00 00 00 00 00
@0000075E 00 00 26 26 26 26 26 26 26 26 00 00 00 00 00 00 00 00 26 26 26 26 26
@00000775 26 26 26 00 00 00 00 00 00 00 00 26 26 26 26 26 26 26 26 00 00 00 00
@0000078C 00 00 00 00 26 26 26 26 26 26 26 26 00 00 00 00 00 00 00 00 26 26 26
@000007A3 26 26 26 26 26 00 00 00 00 00 00 00 00 26 26 26 26 26 26 26 26 00 00
@000007BA 00 00 00 00 00 00 26 26 26 26 26 26 26 26 00 00 00 00 00 00 00 00 26
@000007D1 26 26 26 26 26 26 26 00 00 00 00 00 00 00 00 26 26 26 26 26 26 26 26
@000007E8 00 00 00 00 00 00 00 00 26 26 26 26 26 26 26 26 00 00 00 00 00 00 00
@000007FF 00
