/* http://srecord.sourceforge.net/ */
@00000000 00 00 00 00 00 00 00 00 00 00 00 00 00 00 00 00 00 00 00 00 00 00 00
@00000017 00 00 00 00 00 00 00 00 00 00 00 00 00 00 00 00 00 00 00 00 00 00 00
@0000002E 00 00 00 00 00 00 00 00 00 00 00 00 00 00 00 00 00 00 00 00 00 00 00
@00000045 00 00 00 00 00 00 00 00 00 00 00 00 00 00 00 00 00 00 00 00 00 00 00
@0000005C 00 00 00 00 00 00 00 00 00 00 00 00 00 00 00 00 00 00 00 00 00 00 00
@00000073 00 00 00 00 00 00 00 00 00 00 00 00 00 00 00 00 00 00 00 34 28 25 00
@0000008A 34 2F 30 00 34 25 2E 00 33 2F 2C 24 29 25 32 33 00 00 00 00 00 00 00
@000000A1 00 00 00 00 00 00 00 00 00 00 00 00 00 00 00 00 00 00 00 00 00 00 00
@000000B8 00 00 00 00 00 00 00 00 00 00 00 00 00 00 00 00 00 00 00 00 00 00 00
@000000CF 00 00 00 00 00 00 00 00 00 00 00 00 00 00 00 00 00 00 00 00 00 00 11
@000000E6 33 34 00 00 00 27 2C 26 00 00 00 00 00 15 10 10 10 10 00 30 34 33 00
@000000FD 00 00 00 00 00 00 00 00 00 00 00 00 00 00 00 00 00 00 00 00 00 00 00
@00000114 00 00 00 00 00 00 00 00 00 00 00 00 00 00 00 00 00 12 2E 24 00 00 00
@0000012B 30 32 2D 00 00 00 00 00 15 10 10 10 10 00 30 34 33 00 00 00 00 00 00
@00000142 00 00 00 00 00 00 00 00 00 00 00 00 00 00 00 00 00 00 00 00 00 00 00
@00000159 00 00 00 00 00 00 00 00 00 00 00 00 13 32 24 00 00 00 2C 24 33 00 00
@00000170 00 00 00 15 10 10 10 10 00 30 34 33 00 00 00 00 00 00 00 00 00 00 00
@00000187 00 00 00 00 00 00 00 00 00 00 00 00 00 00 00 00 00 00 00 00 00 00 00
@0000019E 00 00 00 00 00 00 00 14 34 28 00 00 00 2A 2A 2D 00 00 00 00 00 15 10
@000001B5 10 10 10 00 30 34 33 00 00 00 00 00 00 00 00 00 00 00 00 00 00 00 00
@000001CC 00 00 00 00 00 00 00 00 00 00 00 00 00 00 00 00 00 00 00 00 00 00 00
@000001E3 00 00 15 34 28 00 00 00 34 2A 2C 00 00 00 00 00 15 10 10 10 10 00 30
@000001FA 34 33 00 00 00 00 00 00 00 00 00 00 00 00 00 00 00 00 00 00 00 00 00
@00000211 00 00 00 00 00 00 00 00 00 00 00 00 00 00 00 00 00 00 00 00 16 34 28
@00000228 00 00 00 21 2A 26 00 00 00 00 00 15 10 10 10 10 00 30 34 33 00 00 00
@0000023F 00 00 00 00 00 00 00 00 00 00 00 00 00 00 00 00 00 00 00 00 00 00 00
@00000256 00 00 00 00 00 00 00 00 00 00 00 00 00 00 00 17 34 28 00 00 00 24 24
@0000026D 24 00 00 00 00 00 15 10 10 10 10 00 30 34 33 00 00 00 00 00 00 00 00
@00000284 00 00 00 00 00 00 00 00 00 00 00 00 00 00 00 00 00 00 00 00 00 00 00
@0000029B 00 00 00 00 00 00 00 00 00 00 18 34 28 00 00 00 32 2C 32 00 00 00 00
@000002B2 00 15 10 10 10 10 00 30 34 33 00 00 00 00 00 00 00 00 00 00 00 00 00
@000002C9 00 00 00 00 00 00 00 00 00 00 00 00 00 00 00 00 00 00 00 00 00 00 00
@000002E0 00 00 00 00 00 19 34 28 00 00 00 2C 27 33 00 00 00 00 00 15 10 10 10
@000002F7 10 00 30 34 33 00 00 00 00 00 00 00 00 00 00 00 00 00 00 00 00 00 00
@0000030E 00 00 00 00 00 00 00 00 00 00 00 00 00 00 00 00 00 00 00 00 00 00 11
@00000325 10 34 28 00 00 00 2A 36 2C 00 00 00 00 00 15 10 10 10 10 00 30 34 33
@0000033C 00 00 00 00 00 00 00 00 00 00 00 00 00 00 00 00 00 00 00 00 00 00 00
@00000353 00 00 00 00 00 00 00 00 00 00 00 00 00 00 00 00 00 00 00 00 00 00 00
@0000036A 00 00 00 00 00 00 00 00 00 00 00 00 00 00 00 00 00 00 00 00 00 00 00
@00000381 00 00 00 00 00 00 00 00 00 00 00 00 00 00 00 00 00 00 00 00 00 00 00
@00000398 00 00 00 00 00 00 00 00 00 00 00 00 00 00 00 00 00 00 00 00 00 00 00
@000003AF 00 00 00 00 00 00 00 00 00 00 00 00 00 00 00 00 00 00 00 00 00 00 00
@000003C6 00 00 00 00 00 00 00 00 00 00 00 00 00 00 00 00 00 00 00 00 00 00 00
@000003DD 00 00 00 00 00 00 00 00 00 00 00 00 00 00 00 00 00 00 00 00 00 00 00
@000003F4 00 00 00 00 00 00 00 00 00 00 00 00 00 00 00 00 00 00 00 00 00 00 00
@0000040B 00 00 00 00 00 00 00 00 00 00 00 00 00 00 00 00 00 00 00 00 00 00 00
@00000422 00 00 00 00 00 00 00 00 00 00 00 00 00 00 00 00 00 00 00 00 00 00 00
@00000439 00 00 00 00 00 00 00 00 00 00 00 00 00 00 00 00 00 00 00 00 00 00 00
@00000450 00 00 00 00 00 00 00 00 00 00 00 00 00 00 00 00 00 00 00 00 00 00 00
@00000467 00 00 00 00 00 00 00 00 00 00 00 00 00 00 00 00 00 00 00 00 00 00 00
@0000047E 00 00 00 00 00 00 00 00 A0 A0 A0 A0 A0 A0 A0 A0 A0 A0 A0 A0 A0 A0 A0
@00000495 A0 A0 A0 A0 A0 00 00 00 00 00 00 00 00 00 00 00 00 00 00 00 00 00 00
@000004AC 00 00 00 00 00 00 00 00 00 00 00 00 00 00 00 00 00 00 00 00 00 00 00
@000004C3 00 00 00 00 00 00 00 00 00 00 00 00 00 00 00 00 00 00 00 00 00 00 00
@000004DA 00 00 00 00 00 00 00 00 00 00 00 00 00 00 00 00 00 40 40 40 00 00 00
@000004F1 00 00 00 00 00 00 00 00 00 00 00 00 00 00 00 00 00 00 00 00 00 00 00
@00000508 00 00 00 00 00 00 00 00 00 00 00 00 00 00 00 00 00 00 00 00 00 00 00
@0000051F 00 00 00 00 00 00 00 00 00 00 00 00 40 40 40 00 00 00 00 00 00 00 00
@00000536 00 00 00 00 00 00 00 00 00 00 00 00 00 00 00 00 00 00 00 00 00 00 00
@0000054D 00 00 00 00 00 00 00 00 00 00 00 00 00 00 00 00 00 00 00 00 00 00 00
@00000564 00 00 00 00 00 00 00 40 40 40 00 00 00 00 00 00 00 00 00 00 00 00 00
@0000057B 00 00 00 00 00 00 00 00 00 00 00 00 00 00 00 00 00 00 00 00 00 00 00
@00000592 00 00 00 00 00 00 00 00 00 00 00 00 00 00 00 00 00 00 00 00 00 00 00
@000005A9 00 00 40 40 40 00 00 00 00 00 00 00 00 00 00 00 00 00 00 00 00 00 00
@000005C0 00 00 00 00 00 00 00 00 00 00 00 00 00 00 00 00 00 00 00 00 00 00 00
@000005D7 00 00 00 00 00 00 00 00 00 00 00 00 00 00 00 00 00 00 00 00 40 40 40
@000005EE 00 00 00 00 00 00 00 00 00 00 00 00 00 00 00 00 00 00 00 00 00 00 00
@00000605 00 00 00 00 00 00 00 00 00 00 00 00 00 00 00 00 00 00 00 00 00 00 00
@0000061C 00 00 00 00 00 00 00 00 00 00 00 00 00 00 00 40 40 40 00 00 00 00 00
@00000633 00 00 00 00 00 00 00 00 00 00 00 00 00 00 00 00 00 00 00 00 00 00 00
@0000064A 00 00 00 00 00 00 00 00 00 00 00 00 00 00 00 00 00 00 00 00 00 00 00
@00000661 00 00 00 00 00 00 00 00 00 00 40 40 40 00 00 00 00 00 00 00 00 00 00
@00000678 00 00 00 00 00 00 00 00 00 00 00 00 00 00 00 00 00 00 00 00 00 00 00
@0000068F 00 00 00 00 00 00 00 00 00 00 00 00 00 00 00 00 00 00 00 00 00 00 00
@000006A6 00 00 00 00 00 40 40 40 00 00 00 00 00 00 00 00 00 00 00 00 00 00 00
@000006BD 00 00 00 00 00 00 00 00 00 00 00 00 00 00 00 00 00 00 00 00 00 00 00
@000006D4 00 00 00 00 00 00 00 00 00 00 00 00 00 00 00 00 00 00 00 00 00 00 00
@000006EB 40 40 40 00 00 00 00 00 00 00 00 00 00 00 00 00 00 00 00 00 00 00 00
@00000702 00 00 00 00 00 00 00 00 00 00 00 00 00 00 00 00 00 00 00 00 00 00 00
@00000719 00 00 00 00 00 00 00 00 00 00 00 00 00 00 00 00 00 00 40 40 40 00 00
@00000730 00 00 00 00 00 00 00 00 00 00 00 00 00 00 00 00 00 00 00 00 00 00 00
@00000747 00 00 00 00 00 00 00 00 00 00 00 00 00 00 00 00 00 00 00 00 00 00 00
@0000075E 00 00 00 00 00 00 00 00 00 00 00 00 00 00 00 00 00 00 00 00 00 00 00
@00000775 00 00 00 00 00 00 00 00 00 00 00 00 00 00 00 00 00 00 00 00 00 00 00
@0000078C 00 00 00 00 00 00 00 00 00 00 00 00 00 00 00 00 00 00 00 00 00 00 00
@000007A3 00 00 00 00 00 00 00 00 00 00 00 00 00 00 00 00 00 00 00 00 00 00 00
@000007BA 00 00 00 00 00 00 00 00 00 00 00 00 00 00 00 00 00 00 00 00 00 00 00
@000007D1 00 00 00 00 00 00 00 00 00 00 00 00 00 00 00 00 00 00 00 00 00 00 00
@000007E8 00 00 00 00 00 00 00 00 00 00 00 00 00 00 00 00 00 00 00 00 00 00 00
@000007FF 00
