/* http://srecord.sourceforge.net/ */
@00000000 00 00 00 00 00 00 00 00 00 00 00 00 00 00 00 00 00 00 00 00 00 ca ca
@00000017 ca ca ca ca 00 00 00 00 00 00 00 00 00 00 00 00 00 00 00 00 00 00 00
@0000002E 00 00 00 00 00 00 00 00 00 00 00 00 00 00 00 00 00 00 00 00 00 00 00
@00000045 00 00 00 00 00 00 00 00 00 00 00 00 00 00 00 00 00 00 00 00 00 00 00
@0000005C 00 00 00 00 00 00 00 00 00 00 00 00 00 00 00 00 00 00 00 00 00 00 00
@00000073 00 00 00 00 00 00 00 00 00 00 00 00 00 00 00 00 00 00 00 00 00 00 00
@0000008A 00 00 00 00 00 00 00 00 00 00 00 00 00 00 00 00 00 00 00 00 00 00 00
@000000A1 00 00 00 00 00 00 00 00 00 00 00 00 00 00 00 00 00 00 00 00 00 00 00
@000000B8 00 00 00 00 00 00 00 00 00 00 00 00 00 00 00 00 00 00 00 00 00 00 00
@000000CF 00 00 00 00 00 00 00 00 00 00 00 00 00 00 00 00 00 00 00 00 00 00 00
@000000E6 00 00 00 00 00 00 00 00 00 00 00 00 00 00 00 00 00 00 00 00 00 00 00
@000000FD 00 00 00 00 00 00 00 00 00 00 00 00 00 00 00 00 00 00 00 00 00 00 00
@00000114 00 00 00 00 00 00 00 00 00 00 00 00 00 00 00 00 00 00 00 00 00 00 00
@0000012B 00 00 00 00 00 00 00 00 00 00 00 00 00 00 00 00 00 00 00 00 00 00 00
@00000142 00 00 00 00 00 00 00 00 00 00 00 00 00 00 00 00 00 00 00 00 00 00 00
@00000159 00 00 00 00 00 00 00 00 00 00 00 00 00 00 00 00 00 00 00 00 00 00 00
@00000170 00 00 00 00 00 00 00 00 00 00 00 00 00 00 00 00 00 00 00 00 00 00 00
@00000187 00 00 00 00 00 00 00 00 00 00 00 00 00 00 00 00 00 00 00 00 00 00 00
@0000019E 00 00 00 00 00 00 00 00 00 00 00 00 00 00 00 00 00 00 00 00 00 00 00
@000001B5 00 00 00 00 00 00 00 00 00 00 00 00 00 00 00 00 00 00 00 00 00 00 00
@000001CC 00 00 00 00 00 00 00 00 00 00 00 00 00 00 00 00 00 00 00 00 00 00 00
@000001E3 00 00 00 00 00 00 00 00 00 00 00 00 00 00 00 00 00 00 00 00 00 00 00
@000001FA 00 00 00 00 00 00 CA CA CA CA CA CA CA CA CA CA CA CA CA CA CA CA 06
@00000211 05 04 03 02 01 3C 3D 3A 3B 3C 3D 3E 3F 3A 3B 0C 0B 0A 09 08 07 42 43
@00000228 40 41 42 43 44 45 40 41 12 11 10 0F 0E 0D 48 49 46 47 48 49 4A 4B 46
@0000023F 47 18 17 16 15 14 13 4E 4F 4C 4D 4E 4F 50 51 4C 4D 1E 1D 1C 1B 1A 19
@00000256 54 55 52 53 54 55 56 57 52 53 24 23 22 21 20 1F 5A 5B 58 59 5A 5B 5C
@0000026D 5D 58 59 2A 29 28 27 26 25 60 61 5E 5F 60 61 62 63 5E 5F 30 2F 2E 2D
@00000284 2C 2B 66 67 64 65 66 67 68 69 64 65 36 35 34 33 32 31 6C 6D 6A 6B 6C
@0000029B 6D 6E 6F 6A 6B 3C 3B 3A 39 38 37 72 73 70 71 72 73 74 75 70 71 42 41
@000002B2 40 3F 3E 3D 78 79 76 77 78 79 7A 7B 76 77 96 97 96 97 95 95 92 93 92
@000002C9 93 92 93 92 93 92 93 9C 9D 9C 9D 9B 9A 98 99 98 99 98 99 98 99 98 99
@000002E0 A2 A3 A2 A3 A1 A0 9E 9F 9E 9F 9E 9F 9E 9F 9E 9F CA CA CA CA CA CA CA
@000002F7 CA CA CA CA CA CA CA CA CA CA CA CA CA 00 00 00 00 00 00 00 00 00 00
@0000030E 00 00 7C 7D 3E 3F 00 00 00 00 00 00 00 00 00 00 00 00 7E 7F 44 45 00
@00000325 00 00 00 00 00 00 00 00 00 00 00 80 81 4A 4B 00 00 00 00 00 00 00 00
@0000033C 00 00 00 00 82 83 50 51 00 00 00 00 00 00 00 00 00 00 00 00 84 85 56
@00000353 51 00 00 00 00 00 00 00 00 00 00 00 00 86 87 5C 5D 00 00 00 00 00 00
@0000036A 00 00 00 00 00 00 88 89 62 63 00 00 00 00 00 00 00 00 00 00 00 00 8A
@00000381 8B 68 69 00 00 00 00 00 00 00 00 00 00 00 00 8C 8D 6E 6F 00 00 00 00
@00000398 00 00 00 00 00 00 00 00 8E 8F 74 75 00 00 00 00 00 00 00 00 00 00 00
@000003AF 00 90 91 7A 7B 00 00 00 00 00 00 00 00 00 00 00 00 92 93 92 93 00 00
@000003C6 00 00 00 00 00 00 00 00 00 00 98 99 98 99 00 00 00 00 00 00 00 00 00
@000003DD 00 00 00 9E 9F 9E 9F 00 00 00 00 00 00 00 00 00 00 00 00 CA CA CA CA
@000003F4 00 00 00 00 00 00 00 00 00 00 00 00 00 00 00 00 00 00 00 00 00 00 00
@0000040B b1 b1 b1 b1 b1 b1 b1 b1 b1 b1 00 00 00 00 00 00 00 00 00 00 00 00 00
@00000422 00 00 00 00 00 00 00 00 00 00 00 00 00 00 00 00 00 00 00 00 00 00 00
@00000439 00 00 00 00 00 00 00 00 00 00 00 00 00 00 00 00 00 00 00 00 00 00 00
@00000450 00 00 00 00 00 00 00 00 00 00 00 00 00 00 00 00 00 00 00 00 00 00 00
@00000467 00 00 00 00 00 00 00 00 00 00 00 00 00 00 00 00 00 00 00 00 00 00 00
@0000047E 00 00 00 00 00 00 00 00 00 00 00 00 00 00 00 00 00 00 00 00 00 00 00
@00000495 00 00 00 00 00 00 00 00 00 00 00 00 00 00 00 00 00 00 00 00 00 00 00
@000004AC 00 00 00 00 00 00 00 00 00 00 00 00 00 00 00 00 00 00 00 00 00 00 00
@000004C3 00 00 00 00 00 00 00 00 00 00 00 00 00 00 00 00 00 00 00 00 00 00 00
@000004DA 00 00 00 00 00 00 00 00 00 00 00 00 00 00 00 00 00 00 00 00 00 00 00
@000004F1 00 00 00 00 00 00 00 00 00 00 00 00 00 00 00 00 00 00 00 00 00 00 00
@00000508 00 00 00 00 00 00 00 00 00 00 00 00 00 00 00 00 00 00 00 00 00 00 00
@0000051F 00 00 00 00 00 00 00 00 00 00 00 00 00 00 00 00 00 00 00 00 00 00 00
@00000536 00 00 00 00 00 00 00 00 00 00 00 00 00 00 00 00 00 00 00 00 00 00 00
@0000054D 00 00 00 00 00 00 00 00 00 00 00 00 00 00 00 00 00 00 00 00 00 00 00
@00000564 00 00 00 00 00 00 00 00 00 00 00 00 00 00 00 00 00 00 00 00 00 00 00
@0000057B 00 00 00 00 00 00 00 00 00 00 00 00 00 00 00 00 00 00 00 00 00 00 00
@00000592 00 00 00 00 00 00 00 00 00 00 00 00 00 00 00 00 00 00 00 00 00 00 00
@000005A9 00 00 00 00 00 00 00 00 00 00 00 00 00 00 00 00 00 00 00 00 00 00 00
@000005C0 00 00 00 00 00 00 00 00 00 00 00 00 00 00 00 00 00 00 00 00 00 00 00
@000005D7 00 00 00 00 00 00 00 00 00 00 00 00 00 00 00 00 00 00 00 00 00 00 00
@000005EE 00 00 00 00 00 00 00 00 00 00 00 00 00 00 00 00 00 00 00 00 00 00 00
@00000605 00 00 00 00 00 00 00 00 00 00 00 B1 B1 B1 B1 B1 B1 00 00 00 00 00 00
@0000061C 00 00 00 00 B1 B1 B1 B1 B1 B1 00 00 00 00 00 00 00 00 00 00 B1 B1 B1
@00000633 B1 B1 B1 00 00 00 00 00 00 00 00 00 00 B1 B1 B1 B1 B1 B1 00 00 00 00
@0000064A 00 00 00 00 00 00 B1 B1 B1 B1 B1 B1 00 00 00 00 00 00 00 00 00 00 B1
@00000661 B1 B1 B1 B1 B1 00 00 00 00 00 00 00 00 00 00 B1 B1 B1 B1 B1 B1 00 00
@00000678 00 00 00 00 00 00 00 00 B1 B1 B1 B1 B1 B1 00 00 00 00 00 00 00 00 00
@0000068F 00 B1 B1 B1 B1 B1 B1 00 00 00 00 00 00 00 00 00 00 B1 B1 B1 B1 B1 B1
@000006A6 00 00 00 00 00 00 00 00 00 00 B1 B1 B1 B1 B1 B1 00 00 00 00 00 00 00
@000006BD 00 00 00 10 10 10 10 90 90 10 10 10 10 10 10 10 10 10 10 10 10 10 10
@000006D4 90 90 10 10 10 10 10 10 10 10 10 10 10 10 10 10 90 90 10 10 10 10 10
@000006EB 10 10 10 10 10 00 00 00 00 00 00 00 00 00 00 00 00 00 00 00 00 00 00
@00000702 00 00 00 00 00 00 00 00 00 00 00 00 00 00 00 00 00 00 00 00 00 00 00
@00000719 00 00 00 00 00 00 00 00 00 00 00 00 00 00 00 00 00 00 00 00 00 00 00
@00000730 00 00 00 00 00 00 00 00 00 00 00 00 00 00 00 00 00 00 00 00 00 00 00
@00000747 00 00 00 00 00 00 00 00 00 00 00 00 00 00 00 00 00 00 00 00 00 00 00
@0000075E 00 00 00 00 00 00 00 00 00 00 00 00 00 00 00 00 00 00 00 00 00 00 00
@00000775 00 00 00 00 00 00 00 00 00 00 00 00 00 00 00 00 00 00 00 00 00 00 00
@0000078C 00 00 00 00 00 00 00 00 00 00 00 00 00 00 00 00 00 00 00 00 00 00 00
@000007A3 00 00 00 00 00 00 00 00 00 00 00 00 00 00 00 00 00 00 00 00 00 00 00
@000007BA 00 00 00 00 00 00 10 10 10 10 00 00 00 00 00 00 00 00 00 00 00 00 10
@000007D1 10 10 10 00 00 00 00 00 00 00 00 00 00 00 00 10 10 10 10 00 00 00 00
@000007E8 00 00 00 00 00 00 00 00 00 00 00 00 00 00 00 00 00 00 00 00 00 00 00
@000007FF 00
