/* http://srecord.sourceforge.net/ */
@00000000 83 00 00 00 00 00 00 00 00 00 00 00 00 00 00 00 00 00 00 00 00 00 00
@00000017 00 00 00 00 00 00 00 00 83 83 83 83 83 83 83 83 83 83 83 83 83 83 83
@0000002E 83 83 83 83 83 83 83 83 83 83 83 83 83 83 83 83 83 83 83 11 30 00 00
@00000045 00 00 00 00 10 10 00 00 24 21 2D 21 27 25 00 00 28 29 00 00 00 15 10
@0000005C 10 10 10 83 83 00 00 00 00 00 00 00 00 00 00 00 00 00 27 21 27 25 00
@00000073 00 00 00 00 00 00 00 00 00 00 00 00 83 83 00 34 29 2D 25 00 11 1A 10
@0000008A 10 BA BB BB BB BB BB BB BB BB BE 00 00 00 00 00 00 00 00 00 00 83 83
@000000A1 00 00 00 00 00 00 00 00 00 00 00 00 00 00 00 00 00 00 00 00 00 00 00
@000000B8 00 00 00 00 00 00 00 83 83 00 00 00 00 00 00 00 00 00 00 00 00 00 00
@000000CF 00 00 00 00 00 00 00 00 00 00 00 00 00 00 00 00 83 83 00 00 00 00 00
@000000E6 00 00 00 00 00 00 00 00 00 00 00 00 00 00 00 00 00 00 00 00 00 00 00
@000000FD 00 00 83 83 00 00 00 00 00 00 00 00 00 00 00 00 00 00 00 00 00 00 00
@00000114 00 00 00 00 00 00 00 00 00 00 00 83 83 00 00 00 00 00 00 00 00 00 00
@0000012B 00 00 00 00 00 00 00 00 00 00 00 00 00 00 00 00 00 00 00 00 83 83 00
@00000142 00 00 00 00 00 00 00 00 00 00 00 00 00 00 00 00 00 00 00 00 00 00 00
@00000159 00 00 00 00 00 00 83 83 00 00 00 00 00 00 00 00 00 00 00 00 00 00 00
@00000170 00 00 00 00 00 00 00 00 00 00 00 00 00 00 00 83 83 00 00 00 00 00 00
@00000187 00 00 00 00 00 00 00 00 00 00 00 00 00 00 00 00 00 00 00 00 00 00 00
@0000019E 00 83 83 00 00 00 00 00 00 00 00 00 00 00 00 00 00 00 00 00 00 00 00
@000001B5 00 00 00 00 00 00 00 00 00 00 83 83 00 00 00 00 00 00 00 00 00 00 00
@000001CC 00 00 00 00 00 00 00 00 00 00 00 00 00 00 00 00 00 00 00 83 83 00 00
@000001E3 00 00 00 00 00 00 00 00 00 00 00 00 00 00 00 00 00 00 00 00 00 00 00
@000001FA 00 00 00 00 00 83 83 00 00 00 00 00 00 00 00 00 00 00 27 25 34 00 32
@00000211 25 21 24 39 00 01 00 00 00 00 00 00 00 00 83 83 00 00 00 00 00 00 00
@00000228 00 00 00 00 00 00 00 00 00 00 00 00 00 00 00 00 00 00 00 00 00 00 00
@0000023F 83 83 00 00 00 00 00 00 00 00 00 00 00 00 00 00 00 00 00 00 00 00 00
@00000256 00 00 00 00 00 00 00 00 00 83 83 00 00 00 00 00 00 00 00 00 00 00 00
@0000026D 00 00 00 00 00 00 00 00 00 00 00 00 00 00 00 00 00 00 83 83 00 00 00
@00000284 00 00 00 00 00 00 00 00 00 00 00 00 00 00 00 00 00 00 00 00 00 00 00
@0000029B 00 00 00 00 83 83 00 00 00 00 00 00 00 00 00 00 00 00 00 00 00 00 00
@000002B2 00 00 00 00 00 00 00 00 00 00 00 00 00 83 83 00 00 00 00 00 00 00 00
@000002C9 00 00 00 00 00 00 00 00 00 00 00 00 00 00 00 00 00 00 00 00 00 00 83
@000002E0 83 00 00 00 00 00 00 00 00 00 00 00 00 00 00 00 00 00 00 00 00 00 00
@000002F7 00 00 00 00 00 00 00 00 83 83 00 00 00 00 00 00 00 00 00 00 00 00 00
@0000030E 00 00 00 00 00 00 00 00 00 00 00 00 00 00 00 00 00 83 83 00 00 00 00
@00000325 00 00 00 00 00 00 00 00 00 00 00 00 00 00 00 00 00 00 00 00 00 00 00
@0000033C 00 00 00 83 83 00 00 00 00 00 00 00 00 00 00 00 00 00 00 00 00 00 00
@00000353 00 00 00 00 00 00 00 00 00 00 00 00 83 83 00 00 00 00 00 00 00 00 00
@0000036A 00 00 00 00 00 00 00 00 00 00 00 00 00 00 00 00 00 00 00 00 00 83 83
@00000381 B4 B5 B4 B5 00 00 00 00 00 00 00 00 00 00 00 00 00 00 00 00 00 00 00
@00000398 00 00 00 00 00 00 00 83 83 B8 B9 B8 B9 00 00 00 00 00 00 00 00 00 00
@000003AF 00 00 00 00 00 00 00 00 00 00 00 00 00 00 00 00 83 83 83 83 83 83 83
@000003C6 83 83 83 83 83 83 83 83 83 83 83 83 83 83 83 83 83 83 83 83 83 83 83
@000003DD 83 83 83 83 00 00 00 00 00 00 00 00 00 00 00 00 00 00 00 00 00 00 00
@000003F4 00 00 00 00 00 00 00 00 00 00 00 83 00 00 00 00 00 00 00 00 00 00 00
@0000040B 00 00 00 00 00 00 00 00 00 00 00 00 00 00 00 00 00 00 00 00 00 00 00
@00000422 00 00 00 00 00 00 00 00 00 00 00 00 00 00 00 00 00 00 00 00 00 00 00
@00000439 00 00 00 00 00 00 00 00 40 40 00 20 20 20 20 20 20 20 00 00 60 60 60
@00000450 60 60 60 00 00 40 40 00 20 20 20 20 20 20 20 00 00 00 00 00 00 00 00
@00000467 00 00 00 00 00 00 00 60 60 60 60 00 00 00 00 00 00 00 00 00 00 00 00
@0000047E 00 00 00 00 40 40 40 40 20 20 20 20 20 00 20 20 20 20 20 20 20 20 20
@00000495 00 00 00 00 00 00 00 00 00 00 00 00 00 00 00 00 00 00 00 00 00 00 00
@000004AC 00 00 00 00 00 00 00 00 00 00 00 00 00 00 00 00 00 00 00 00 00 00 00
@000004C3 00 00 00 00 00 00 00 00 00 00 00 00 00 00 00 00 00 00 00 00 00 00 00
@000004DA 00 00 00 00 00 00 00 00 00 00 00 00 00 00 00 00 00 00 00 00 00 00 00
@000004F1 00 00 00 00 00 00 00 00 00 00 00 00 00 00 00 00 00 00 00 00 00 00 00
@00000508 00 00 00 00 00 00 00 00 00 00 00 00 00 00 00 00 00 00 00 00 00 00 00
@0000051F 00 00 00 00 00 00 00 00 00 00 00 00 00 00 00 00 00 00 00 00 00 00 00
@00000536 00 00 00 00 00 00 00 00 00 00 00 00 00 00 00 00 00 00 00 00 00 00 00
@0000054D 00 00 00 00 00 00 00 00 00 00 00 00 00 00 00 00 00 00 00 00 00 00 00
@00000564 00 00 00 00 00 00 00 00 00 00 00 00 00 00 00 00 00 00 00 00 00 00 00
@0000057B 00 00 00 00 00 00 00 00 00 00 00 00 00 00 00 00 00 00 00 00 00 00 00
@00000592 00 00 00 00 00 00 00 00 00 00 00 00 00 00 00 00 00 00 00 00 00 00 00
@000005A9 00 00 00 00 00 00 00 00 00 00 00 00 00 00 00 00 00 00 00 00 00 00 00
@000005C0 00 00 00 00 00 00 00 00 00 00 00 00 00 00 00 00 00 00 00 00 00 00 00
@000005D7 00 00 00 00 00 00 00 00 00 00 00 00 00 00 00 00 00 00 00 00 00 00 00
@000005EE 00 00 00 00 00 00 00 00 00 00 00 00 00 00 00 00 00 00 00 00 00 00 00
@00000605 00 00 00 00 00 00 00 60 60 60 60 60 60 60 60 60 60 60 00 00 00 00 00
@0000061C 00 00 00 00 00 00 00 00 00 00 00 00 00 00 00 00 00 00 00 00 00 00 00
@00000633 00 00 00 00 00 00 00 00 00 00 00 00 00 00 00 00 00 00 00 00 00 00 00
@0000064A 00 00 00 00 00 00 00 00 00 00 00 00 00 00 00 00 00 00 00 00 00 00 00
@00000661 00 00 00 00 00 00 00 00 00 00 00 00 00 00 00 00 00 00 00 00 00 00 00
@00000678 00 00 00 00 00 00 00 00 00 00 00 00 00 00 00 00 00 00 00 00 00 00 00
@0000068F 00 00 00 00 00 00 00 00 00 00 00 00 00 00 00 00 00 00 00 00 00 00 00
@000006A6 00 00 00 00 00 00 00 00 00 00 00 00 00 00 00 00 00 00 00 00 00 00 00
@000006BD 00 00 00 00 00 00 00 00 00 00 00 00 00 00 00 00 00 00 00 00 00 00 00
@000006D4 00 00 00 00 00 00 00 00 00 00 00 00 00 00 00 00 00 00 00 00 00 00 00
@000006EB 00 00 00 00 00 00 00 00 00 00 00 00 00 00 00 00 00 00 00 00 00 00 00
@00000702 00 00 00 00 00 00 00 00 00 00 00 00 00 00 00 00 00 00 00 00 00 00 00
@00000719 00 00 00 00 00 00 00 00 00 00 00 00 00 00 00 00 00 00 00 00 00 00 00
@00000730 00 00 00 00 00 00 00 00 00 00 00 00 00 00 00 00 00 00 00 00 00 00 00
@00000747 00 00 00 00 00 00 00 00 00 00 00 00 00 00 00 00 00 00 00 00 00 00 00
@0000075E 00 00 00 00 00 00 00 00 00 00 00 00 00 00 00 00 00 00 00 00 00 00 00
@00000775 00 00 00 00 00 00 00 00 00 00 00 00 80 80 80 80 00 00 00 00 00 00 00
@0000078C 00 00 00 00 00 00 00 00 00 00 00 00 00 00 00 00 00 00 00 00 00 80 80
@000007A3 80 80 00 00 00 00 00 00 00 00 00 00 00 00 00 00 00 00 00 00 00 00 00
@000007BA 00 00 00 00 00 00 00 00 00 00 00 00 00 00 00 00 00 00 00 00 00 00 00
@000007D1 00 00 00 00 00 00 00 00 00 00 00 00 00 00 00 00 00 00 00 00 00 00 00
@000007E8 00 00 00 00 00 00 00 00 00 00 00 00 00 00 00 00 00 00 00 00 00 00 00
@000007FF 00
