/* http://srecord.sourceforge.net/ */
@00000000 00 00 00 00 00 00 00 00 00 00 00 00 00 00 00 00
@00000010 00 00 00 00 00 00 00 00 00 00 00 00 00 00 00 00
@00000020 00 71 72 00 00 73 00 00 00 00 00 00 00 9B 9C 00
@00000030 00 74 75 76 77 78 79 89 8A 8B 8C 8D 8E 9D 9E 00
@00000040 00 7A 7B 7C 7D 7E 7F 8F 90 91 92 93 94 9F A0 00
@00000050 00 80 81 82 83 84 85 95 96 97 98 99 9A A1 A2 00
@00000060 00 86 87 00 00 88 00 00 00 00 00 00 00 A3 A4 A5
@00000070 00 00 00 00 00 00 00 00 00 00 00 00 00 00 00 00
@00000080 00 00 00 00 00 00 00 00 00 00 00 00 00 00 00 00
@00000090 00 00 00 00 00 00 00 00 00 00 00 00 00 00 00 00
@000000A0 00 00 00 00 00 00 00 00 00 00 00 00 00 00 00 00
@000000B0 00 00 00 00 00 00 00 00 00 00 00 00 00 00 00 00
@000000C0 00 00 00 00 00 00 00 00 00 00 00 00 00 00 00 00
@000000D0 00 00 00 00 00 00 00 00 00 00 00 00 00 00 00 00
@000000E0 00 00 00 00 00 00 00 00 00 00 00 00 00 00 00 00
@000000F0 00 00 00 00 00 00 00 00 00 00 00 00 00 00 00 00
@00000100 00 00 00 00 00 00 00 00 00 00 00 00 00 00 00 00
@00000110 00 00 00 00 00 00 00 00 00 00 00 00 00 00 00 00
@00000120 00 00 00 00 00 00 00 00 00 00 00 00 00 00 00 00
@00000130 00 00 00 00 00 00 00 00 00 00 00 00 00 00 00 00
@00000140 00 00 00 00 00 00 00 00 00 00 00 CB CA 00 00 00
@00000150 00 00 00 00 00 00 00 00 00 00 CF CE CD CC 00 00
@00000160 00 00 00 00 00 00 00 00 00 00 D3 D2 D1 D0 00 00
@00000170 00 00 00 00 00 00 00 00 00 00 D7 D6 D5 D4 00 00
@00000180 00 00 00 00 00 00 00 00 00 DB DA D9 D8 00 00 00
@00000190 00 00 00 00 00 00 00 00 00 DE 00 DD DC 00 00 00
@000001A0 00 00 00 00 00 00 00 00 00 00 00 E1 E0 DF 00 00
@000001B0 00 00 00 00 00 00 00 00 00 00 00 E4 E3 E2 00 00
@000001C0 00 00 00 00 00 00 00 00 00 00 E8 E7 E6 E5 00 00
@000001D0 00 00 00 00 00 00 00 00 00 00 EC EB EA E9 00 00
@000001E0 00 00 00 00 00 00 00 00 00 00 00 00 00 00 00 00
@000001F0 00 00 00 00 00 00 00 00 00 00 00 00 00 00 00 00
@00000200 00 00 00 00 00 00 00 00 00 00 00 00 00 00 00 00
@00000210 00 00 00 00 00 00 00 00 00 00 00 00 00 00 00 00
@00000220 00 00 00 00 00 00 00 00 00 00 00 00 00 00 00 00
@00000230 00 00 00 00 00 00 00 00 00 00 00 00 00 00 00 00
@00000240 00 00 00 00 00 00 00 00 00 00 00 00 00 00 00 00
@00000250 00 00 00 00 00 00 00 00 00 00 00 00 00 00 00 00
@00000260 00 00 00 00 00 00 00 00 00 00 00 00 00 00 00 00
@00000270 00 00 00 00 00 00 00 00 00 00 00 00 00 00 00 00
@00000280 00 00 00 00 00 00 00 00 00 00 00 00 00 00 00 00
@00000290 00 00 00 00 00 00 00 00 00 00 00 00 00 00 00 00
@000002A0 00 00 00 00 00 00 00 00 00 00 00 00 00 00 00 00
@000002B0 00 00 00 00 00 00 00 00 00 00 00 00 00 00 00 00
@000002C0 00 00 00 00 00 00 00 00 00 00 00 00 00 00 00 00
@000002D0 00 00 00 00 00 00 00 00 00 00 00 00 00 00 00 00
@000002E0 00 00 00 00 00 00 00 00 00 00 00 00 00 00 00 00
@000002F0 00 00 00 00 00 00 00 00 00 00 00 00 00 00 00 00
@00000300 00 00 00 00 00 00 00 00 00 00 00 00 00 00 00 00
@00000310 00 00 00 00 00 00 00 00 00 00 00 00 00 00 00 00
@00000320 00 00 00 00 00 00 00 00 00 00 00 00 00 00 00 00
@00000330 00 00 00 00 00 00 00 00 00 00 00 00 00 00 00 00
@00000340 00 00 00 CA CB 00 00 00 00 00 00 00 00 00 00 00
@00000350 00 00 CC CD CE CF 00 00 00 00 00 00 00 00 00 00
@00000360 00 00 D0 D1 D2 D3 00 00 00 00 00 00 00 00 00 00
@00000370 00 00 D4 D5 D6 D7 00 00 00 00 00 00 00 00 00 00
@00000380 00 00 00 D8 D9 DA DB 00 00 00 00 00 00 00 00 00
@00000390 00 00 00 DC DD 00 DE 00 00 00 00 00 00 00 00 00
@000003A0 00 00 DF E0 E1 00 00 00 00 00 00 00 00 00 00 00
@000003B0 00 00 E2 E3 E4 00 00 00 00 00 00 00 00 00 00 00
@000003C0 00 00 E5 E6 E7 E8 00 00 00 00 00 00 00 00 00 00
@000003D0 00 00 E9 EA EB EC 00 00 00 00 00 00 00 00 00 00
@000003E0 00 00 00 00 00 00 00 00 00 00 00 00 00 00 00 00
@000003F0 00 00 00 00 00 00 00 00 00 00 00 00 00 00 00 00
@00000400 06 06 06 06 06 06 06 06 06 06 06 06 06 06 06 06
@00000410 06 06 06 06 06 06 06 06 06 06 06 06 06 06 06 06
@00000420 06 06 06 06 06 06 06 06 06 06 06 06 06 06 06 06
@00000430 06 06 06 06 06 06 06 06 06 06 06 06 06 06 06 06
@00000440 06 06 06 06 06 06 06 06 06 06 06 06 06 06 06 06
@00000450 06 06 06 06 06 06 06 06 06 06 06 06 06 06 06 06
@00000460 06 06 06 06 06 06 06 06 06 06 06 06 06 06 06 06
@00000470 06 06 06 06 06 06 06 06 06 06 06 06 06 06 06 06
@00000480 00 00 00 00 00 00 00 00 00 00 00 00 00 00 00 00
@00000490 00 00 00 00 00 00 00 00 00 00 00 00 00 00 00 00
@000004A0 00 00 00 00 00 00 00 00 00 00 00 00 00 00 00 00
@000004B0 00 00 00 00 00 00 00 00 00 00 00 00 00 00 00 00
@000004C0 00 00 00 00 00 00 00 00 00 00 00 00 00 00 00 00
@000004D0 00 00 00 00 00 00 00 00 00 00 00 00 00 00 00 00
@000004E0 00 00 00 00 00 00 00 00 00 00 00 00 00 00 00 00
@000004F0 00 00 00 00 00 00 00 00 00 00 00 00 00 00 00 00
@00000500 00 00 00 00 00 00 00 00 A6 A6 A6 A6 A6 A6 A6 A6
@00000510 00 00 00 00 00 00 00 00 A6 A6 A6 A6 A6 A6 A6 A6
@00000520 00 00 00 00 00 00 00 00 A6 A6 A6 A6 A6 A6 A6 A6
@00000530 00 00 00 00 00 00 00 00 A6 A6 A6 A6 A6 A6 A6 A6
@00000540 00 00 00 00 00 00 00 00 A6 A6 A6 A6 A6 A6 A6 A6
@00000550 00 00 00 00 00 00 00 00 A6 A6 A6 A6 A6 A6 A6 A6
@00000560 00 00 00 00 00 00 00 00 A6 A6 A6 A6 A6 A6 A6 A6
@00000570 00 00 00 00 00 00 00 00 A6 A6 A6 A6 A6 A6 A6 A6
@00000580 00 00 00 00 00 00 00 00 A6 A6 A6 A6 A6 A6 A6 A6
@00000590 00 00 00 00 00 00 00 00 A6 A6 A6 A6 A6 A6 A6 A6
@000005A0 00 00 00 00 00 00 00 00 A6 A6 A6 A6 A6 A6 A6 A6
@000005B0 00 00 00 00 00 00 00 00 A6 A6 A6 A6 A6 A6 A6 A6
@000005C0 00 00 00 00 00 00 00 00 A6 A6 A6 A6 A6 A6 A6 A6
@000005D0 00 00 00 00 00 00 00 00 A6 A6 A6 A6 A6 A6 A6 A6
@000005E0 00 00 00 00 00 00 00 00 A6 A6 A6 A6 A6 A6 A6 A6
@000005F0 00 00 00 00 00 00 00 00 A6 A6 A6 A6 A6 A6 A6 A6
@00000600 00 00 00 00 00 00 00 00 00 00 00 00 00 00 00 00
@00000610 00 00 00 00 00 00 00 00 00 00 00 00 00 00 00 00
@00000620 00 00 00 00 00 00 00 00 00 00 00 00 00 00 00 00
@00000630 00 00 00 00 00 00 00 00 00 00 00 00 00 00 00 00
@00000640 00 00 00 00 00 00 00 00 00 00 00 00 00 00 00 00
@00000650 00 00 00 00 00 00 00 00 00 00 00 00 00 00 00 00
@00000660 00 00 00 00 00 00 00 00 00 00 00 00 00 00 00 00
@00000670 00 00 00 00 00 00 00 00 00 00 00 00 00 00 00 00
@00000680 00 00 00 00 00 00 00 00 00 00 00 00 00 00 00 00
@00000690 00 00 00 00 00 00 00 00 00 00 00 00 00 00 00 00
@000006A0 00 00 00 00 00 00 00 00 00 00 00 00 00 00 00 00
@000006B0 00 00 00 00 00 00 00 00 00 00 00 00 00 00 00 00
@000006C0 00 00 00 00 00 00 00 00 00 00 00 00 00 00 00 00
@000006D0 00 00 00 00 00 00 00 00 00 00 00 00 00 00 00 00
@000006E0 00 00 00 00 00 00 00 00 00 00 00 00 00 00 00 00
@000006F0 00 00 00 00 00 00 00 00 00 00 00 00 00 00 00 00
@00000700 26 26 26 26 26 26 26 26 00 00 00 00 00 00 00 00
@00000710 26 26 26 26 26 26 26 26 00 00 00 00 00 00 00 00
@00000720 26 26 26 26 26 26 26 26 00 00 00 00 00 00 00 00
@00000730 26 26 26 26 26 26 26 26 00 00 00 00 00 00 00 00
@00000740 26 26 26 26 26 26 26 26 00 00 00 00 00 00 00 00
@00000750 26 26 26 26 26 26 26 26 00 00 00 00 00 00 00 00
@00000760 26 26 26 26 26 26 26 26 00 00 00 00 00 00 00 00
@00000770 26 26 26 26 26 26 26 26 00 00 00 00 00 00 00 00
@00000780 26 26 26 26 26 26 26 26 00 00 00 00 00 00 00 00
@00000790 26 26 26 26 26 26 26 26 00 00 00 00 00 00 00 00
@000007A0 26 26 26 26 26 26 26 26 00 00 00 00 00 00 00 00
@000007B0 26 26 26 26 26 26 26 26 00 00 00 00 00 00 00 00
@000007C0 26 26 26 26 26 26 26 26 00 00 00 00 00 00 00 00
@000007D0 26 26 26 26 26 26 26 26 00 00 00 00 00 00 00 00
@000007E0 26 26 26 26 26 26 26 26 00 00 00 00 00 00 00 00
@000007F0 26 26 26 26 26 26 26 26 00 00 00 00 00 00 00 00
