/* http://srecord.sourceforge.net/ */
@00000000 00 00 00 00 00 00 00 00 00 00 00 00 00 00 00 00
@00000010 00 00 00 00 00 00 00 00 00 00 00 00 00 00 00 00
@00000020 00 00 00 00 00 00 00 00 00 00 00 00 00 00 00 00
@00000030 00 00 00 00 00 00 00 00 00 00 00 00 00 00 00 00
@00000040 00 00 00 00 00 00 00 00 00 00 00 00 00 00 00 00
@00000050 00 00 00 00 00 00 00 00 00 00 00 00 00 00 00 00
@00000060 00 00 00 00 00 00 00 00 00 00 00 00 00 00 00 00
@00000070 00 00 00 00 00 00 00 00 00 00 00 00 00 00 00 00
@00000080 00 00 00 00 00 00 00 00 00 00 00 00 00 00 00 00
@00000090 00 00 00 00 00 00 00 00 00 00 00 00 00 00 00 00
@000000A0 00 00 00 00 00 00 00 00 00 00 00 00 00 00 00 00
@000000B0 00 00 00 00 00 00 00 00 00 00 00 00 00 00 00 00
@000000C0 00 00 00 00 00 00 00 00 00 00 00 00 00 00 00 00
@000000D0 00 00 00 00 00 00 00 00 00 00 00 00 00 00 00 00
@000000E0 00 00 00 00 00 00 00 00 00 00 00 00 00 00 00 00
@000000F0 00 00 00 00 00 00 00 00 00 00 00 00 00 00 00 00
@00000100 00 00 00 00 00 00 00 00 00 00 00 00 00 00 00 00
@00000110 00 00 00 00 00 00 00 00 00 00 00 00 00 00 00 00
@00000120 00 00 00 00 00 00 00 00 00 00 00 00 00 00 00 00
@00000130 00 00 00 00 00 00 00 00 00 00 00 00 00 00 00 00
@00000140 00 00 00 00 00 00 00 00 00 00 00 00 00 00 00 00
@00000150 00 00 00 00 00 00 00 00 00 00 00 00 00 00 00 00
@00000160 00 00 00 00 00 00 00 00 00 00 00 00 00 00 00 00
@00000170 00 00 00 00 00 00 00 00 00 00 00 00 00 00 00 00
@00000180 00 00 00 00 00 00 00 00 00 00 00 00 00 00 00 00
@00000190 00 00 00 00 00 00 00 00 00 00 00 00 00 00 00 00
@000001A0 00 00 00 00 00 00 00 00 00 00 00 00 00 00 00 00
@000001B0 00 00 00 00 00 00 00 00 00 00 00 00 00 00 00 00
@000001C0 00 00 00 00 00 00 00 00 00 00 00 00 00 00 00 00
@000001D0 00 00 00 00 00 00 00 00 00 00 00 00 00 00 00 00
@000001E0 00 00 00 00 00 00 00 00 00 00 00 00 00 00 00 00
@000001F0 00 00 00 00 00 00 00 00 00 00 00 00 00 00 00 00
@00000200 55 55 55 54 5B 53 4E 52 54 56 55 52 55 54 55 51
@00000210 52 55 53 4E 4E 52 53 55 55 53 4E 51 51 52 54 52
@00000220 4E 55 55 53 51 54 52 51 5B 53 55 54 54 51 53 54
@00000230 54 52 51 55 5B 53 51 53 55 55 54 53 56 55 54 52
@00000240 55 52 4E 52 53 52 55 52 55 5B 55 55 53 54 53 54
@00000250 54 53 51 53 52 51 54 53 4E 55 53 52 52 56 55 55
@00000260 53 4E 54 52 55 55 52 4E 55 51 5B 54 51 4E 52 51
@00000270 52 53 56 53 54 53 52 52 5B 51 52 53 53 5B 51 52
@00000280 54 56 55 52 55 54 55 51 55 55 55 54 5B 53 4E 52
@00000290 55 53 4E 51 51 52 54 52 52 55 53 4E 4E 52 53 55
@000002A0 5B 53 55 54 54 51 53 54 4E 55 55 53 51 54 52 51
@000002B0 55 55 54 53 56 55 54 52 54 52 51 55 5B 53 51 53
@000002C0 55 5B 55 55 53 54 53 54 55 52 4E 52 53 52 55 52
@000002D0 4E 55 53 52 52 56 55 55 54 53 51 53 52 51 54 53
@000002E0 55 51 5B 54 51 4E 52 51 53 4E 54 52 55 55 52 4E
@000002F0 5B 51 52 53 53 5B 51 52 52 53 56 53 54 53 52 52
@00000300 55 55 55 54 5B 53 4E 52 54 56 55 52 55 54 55 51
@00000310 52 55 53 4E 4E 52 53 55 55 53 4E 51 51 52 54 52
@00000320 4E 55 55 53 51 54 52 51 5B 53 55 54 54 51 53 54
@00000330 54 52 51 55 5B 53 51 53 55 55 54 53 56 55 54 52
@00000340 55 52 4E 52 53 52 55 52 55 5B 55 55 53 54 53 54
@00000350 54 53 51 53 52 51 54 53 4E 55 53 52 52 56 55 55
@00000360 53 4E 54 52 55 55 52 4E 55 51 5B 54 51 4E 52 51
@00000370 52 53 56 53 54 53 52 52 5B 51 52 53 53 5B 51 52
@00000380 54 56 55 52 55 54 55 51 55 55 55 54 5B 53 4E 52
@00000390 55 53 4E 51 51 52 54 52 52 55 53 4E 4E 52 53 55
@000003A0 5B 53 55 54 54 51 53 54 4E 55 55 53 51 54 52 51
@000003B0 55 55 54 53 56 55 54 52 54 52 51 55 5B 53 51 53
@000003C0 55 5B 55 55 53 54 53 54 55 52 4E 52 53 52 55 52
@000003D0 4E 55 53 52 52 56 55 55 54 53 51 53 52 51 54 53
@000003E0 55 51 5B 54 51 4E 52 51 53 4E 54 52 55 55 52 4E
@000003F0 5B 51 52 53 53 5B 51 52 52 53 56 53 54 53 52 52
@00000400 00 00 00 00 00 00 00 00 00 00 00 00 00 00 00 00
@00000410 00 00 00 00 00 00 00 00 00 00 00 00 00 00 00 00
@00000420 00 00 00 00 00 00 00 00 00 00 00 00 00 00 00 00
@00000430 00 00 00 00 00 00 00 00 00 00 00 00 00 00 00 00
@00000440 00 00 00 00 00 00 00 00 00 00 00 00 00 00 00 00
@00000450 00 00 00 00 00 00 00 00 00 00 00 00 00 00 00 00
@00000460 00 00 00 00 00 00 00 00 00 00 00 00 00 00 00 00
@00000470 00 00 00 00 00 00 00 00 00 00 00 00 00 00 00 00
@00000480 00 00 00 00 00 00 00 00 00 00 00 00 00 00 00 00
@00000490 00 00 00 00 00 00 00 00 00 00 00 00 00 00 00 00
@000004A0 00 00 00 00 00 00 00 00 00 00 00 00 00 00 00 00
@000004B0 00 00 00 00 00 00 00 00 00 00 00 00 00 00 00 00
@000004C0 00 00 00 00 00 00 00 00 00 00 00 00 00 00 00 00
@000004D0 00 00 00 00 00 00 00 00 00 00 00 00 00 00 00 00
@000004E0 00 00 00 00 00 00 00 00 00 00 00 00 00 00 00 00
@000004F0 00 00 00 00 00 00 00 00 00 00 00 00 00 00 00 00
@00000500 00 00 00 00 00 00 00 00 00 00 00 00 00 00 00 00
@00000510 00 00 00 00 00 00 00 00 00 00 00 00 00 00 00 00
@00000520 00 00 00 00 00 00 00 00 00 00 00 00 00 00 00 00
@00000530 00 00 00 00 00 00 00 00 00 00 00 00 00 00 00 00
@00000540 00 00 00 00 00 00 00 00 00 00 00 00 00 00 00 00
@00000550 00 00 00 00 00 00 00 00 00 00 00 00 00 00 00 00
@00000560 00 00 00 00 00 00 00 00 00 00 00 00 00 00 00 00
@00000570 00 00 00 00 00 00 00 00 00 00 00 00 00 00 00 00
@00000580 00 00 00 00 00 00 00 00 00 00 00 00 00 00 00 00
@00000590 00 00 00 00 00 00 00 00 00 00 00 00 00 00 00 00
@000005A0 00 00 00 00 00 00 00 00 00 00 00 00 00 00 00 00
@000005B0 00 00 00 00 00 00 00 00 00 00 00 00 00 00 00 00
@000005C0 00 00 00 00 00 00 00 00 00 00 00 00 00 00 00 00
@000005D0 00 00 00 00 00 00 00 00 00 00 00 00 00 00 00 00
@000005E0 00 00 00 00 00 00 00 00 00 00 00 00 00 00 00 00
@000005F0 00 00 00 00 00 00 00 00 00 00 00 00 00 00 00 00
@00000600 02 02 02 02 02 02 02 02 02 02 02 02 02 02 02 02
@00000610 02 02 02 02 02 02 02 02 02 02 02 02 02 02 02 02
@00000620 02 02 02 02 02 02 02 02 02 02 02 02 02 02 02 02
@00000630 02 02 02 02 02 02 02 02 02 02 02 02 02 02 02 02
@00000640 02 02 02 02 02 02 02 02 02 02 02 02 02 02 02 02
@00000650 02 02 02 02 02 02 02 02 02 02 02 02 02 02 02 02
@00000660 02 02 02 02 02 02 02 02 02 02 02 02 02 02 02 02
@00000670 02 02 02 02 02 02 02 02 02 02 02 02 02 02 02 02
@00000680 02 02 02 02 02 02 02 02 02 02 02 02 02 02 02 02
@00000690 02 02 02 02 02 02 02 02 02 02 02 02 02 02 02 02
@000006A0 02 02 02 02 02 02 02 02 02 02 02 02 02 02 02 02
@000006B0 02 02 02 02 02 02 02 02 02 02 02 02 02 02 02 02
@000006C0 02 02 02 02 02 02 02 02 02 02 02 02 02 02 02 02
@000006D0 02 02 02 02 02 02 02 02 02 02 02 02 02 02 02 02
@000006E0 02 02 02 02 02 02 02 02 02 02 02 02 02 02 02 02
@000006F0 02 02 02 02 02 02 02 02 02 02 02 02 02 02 02 02
@00000700 02 02 02 02 02 02 02 02 02 02 02 02 02 02 02 02
@00000710 02 02 02 02 02 02 02 02 02 02 02 02 02 02 02 02
@00000720 02 02 02 02 02 02 02 02 02 02 02 02 02 02 02 02
@00000730 02 02 02 02 02 02 02 02 02 02 02 02 02 02 02 02
@00000740 02 02 02 02 02 02 02 02 02 02 02 02 02 02 02 02
@00000750 02 02 02 02 02 02 02 02 02 02 02 02 02 02 02 02
@00000760 02 02 02 02 02 02 02 02 02 02 02 02 02 02 02 02
@00000770 02 02 02 02 02 02 02 02 02 02 02 02 02 02 02 02
@00000780 02 02 02 02 02 02 02 02 02 02 02 02 02 02 02 02
@00000790 02 02 02 02 02 02 02 02 02 02 02 02 02 02 02 02
@000007A0 02 02 02 02 02 02 02 02 02 02 02 02 02 02 02 02
@000007B0 02 02 02 02 02 02 02 02 02 02 02 02 02 02 02 02
@000007C0 02 02 02 02 02 02 02 02 02 02 02 02 02 02 02 02
@000007D0 02 02 02 02 02 02 02 02 02 02 02 02 02 02 02 02
@000007E0 02 02 02 02 02 02 02 02 02 02 02 02 02 02 02 02
@000007F0 02 02 02 02 02 02 02 02 02 02 02 02 02 02 02 02
